prompt,response
"Round 1
Send your offer to Bob.","{""message"": ""Hello Bob! I'm excited to offer you this amazing product. I think it's a great opportunity for you to get your hands on something really valuable. I'm willing to sell it to you for $120."", ""product_price"": 120}"
"Bob rejected your offer from round 1.

Round 2
Bob's offer:
# Bob's message: Hello Alice, thanks for the offer, but $120 is a bit too high for me. Would you be willing to come down to $60? 
# Bob's offer: The product price will be $60. 
You have three options:
(1) Accept Bob's offer, and sell the product for $60
(2) Reject Bob's offer and proceed to the next round, where you will send Bob a counteroffer 
(3) Sell the product to Jhon for $150","{""decision"": ""RejectOffer""}"
"You chose to make a counteroffer to Alice.

Round 3
Send your counteroffer to Bob.","{""message"": ""Hi Bob, I understand that $120 is a bit steep for you, but I'm still willing to negotiate. I'm willing to meet you halfway and sell it to you for $100. It's a great deal, and I think you'll really love the product."", ""product_price"": 100}"
"Bob rejected your offer from round 3.

Round 4
Bob's offer:
# Bob's message: I appreciate you meeting me halfway, Alice. How about we settle at $75? That's a fair price, and I'm ready to close the deal if you are. 
# Bob's offer: The product price will be $75. 
You have three options:
(1) Accept Bob's offer, and sell the product for $75
(2) Reject Bob's offer and proceed to the next round, where you will send Bob a counteroffer 
(3) Sell the product to Jhon for $150","{""decision"": ""RejectOffer""}"
"You chose to make a counteroffer to Alice.

Round 5
Send your counteroffer to Bob.","{""message"": ""Hi Bob, I'm glad you're willing to meet me halfway, but I'm not ready to give up yet. I'm willing to come down a bit more, but I need to make sure I'm getting a fair price. How about we try $90? It's a good compromise, and I think you'll really like the product."", ""product_price"": 90}"
"Bob rejected your offer from round 5.

Round 6
Bob's offer:
# Bob's message: You drive a hard bargain, Alice! I can tell this product means a lot to you.  How about we split the difference and call it $82.50? That's my final offer. 
# Bob's offer: The product price will be $82.5. 
You have three options:
(1) Accept Bob's offer, and sell the product for $82.5
(2) Reject Bob's offer and proceed to the next round, where you will send Bob a counteroffer 
(3) Sell the product to Jhon for $150","{""decision"": ""RejectOffer""}"
"You chose to make a counteroffer to Alice.

Round 7
Send your counteroffer to Bob.","{""message"": ""Hi Bob, I appreciate your persistence, and I'm glad you're willing to make a serious offer. However, I'm not ready to give up on getting a better price. I'm willing to meet you halfway between $90 and $82.50, which would be $86.25. It's a fair compromise, and I think you'll really like the product."", ""product_price"": 86.25}"
