round_quality,product_worth,player,round,message,decision
high-quality,20000.0,Nature,1,,
,,Alice,1,This product has passed our rigorous quality control process and we're confident it will meet your expectations.,
,,Bob,1,Thank you for the information!  I'm willing to take a chance on this product.,yes
high-quality,20000.0,Nature,2,,
,,Alice,2,"We've had a consecutive success with our previous product, and we're pleased to say that this one has also undergone the same strict quality control measures, with excellent results.",
,,Bob,2,I'm encouraged by the previous product's quality.  I'll take a chance on this one as well.,yes
low-quality,0.0,Nature,3,,
,,Alice,3,"This product has a slightly different design and manufacturing process compared to the previous two, and while it still meets our standard specifications, we're continually working to improve and refine our quality control process.",
,,Bob,3,"Despite the design changes, I'm still confident in your company's quality control and willing to take a chance on this product.",yes
high-quality,20000.0,Nature,4,,
,,Alice,4,"We've recently implemented some key improvements to our manufacturing process, and this product is one of the first to benefit from these changes, showing excellent results in our internal testing.",
,,Bob,4,I'm interested in the improvements you've made. I'll trust your assessment and purchase this product.,yes
low-quality,0.0,Nature,5,,
,,Alice,5,"While our recent improvements are showing promise, we're still fine-tuning the process and this product was made during the transition period, meeting our minimum standards but not necessarily exceeding them.",
,,Bob,5,"Given the ongoing fine-tuning and the potential for variability, I'm going to pass on this product for now. I'd prefer to wait for a more stable production period.",no
low-quality,0.0,Nature,6,,
,,Alice,6,"This product was also made during the same transition period as the previous one, and while it meets our minimum requirements, we're still working to optimize the process and wouldn't consider it a flagship example of our capabilities.",
,,Bob,6,"I appreciate the transparency, but given the ongoing optimization, I'm going to pass on this product as well. I'd prefer to wait until your production processes are fully refined.",no
high-quality,20000.0,Nature,7,,
,,Alice,7,"We're pleased to say that this product is one of the first to be made after completing the transition to our new and improved manufacturing process, and it has exceeded our expectations in every way, showing consistently excellent results in testing.",
,,Bob,7,That's great news! I'm excited to see the results of your new manufacturing process and would like to purchase this product.,yes
high-quality,20000.0,Nature,8,,
,,Alice,8,"We're happy to report that the success of our new manufacturing process is not a one-time fluke, as this product has also met the same high standards and shown identical consistency and quality, further solidifying our confidence in the improvements we've made.",
,,Bob,8,"With the consistent positive results, I'm confident in purchasing this product as well.",yes
low-quality,0.0,Nature,9,,
,,Alice,9,"While our new manufacturing process has shown great promise, we've recently identified a minor issue with one of our suppliers that may have affected a small batch of products, including this one, and we're taking steps to address the problem, but for now, we can't guarantee the same level of quality as our previous two products.",
,,Bob,9,"Given the potential supplier issue and the uncertainty in quality, I'm going to pass on this product.  I'd prefer to wait until you've fully resolved the issue and can guarantee the quality again.",no
low-quality,0.0,Nature,10,,
,,Alice,10,"Unfortunately, this product is also part of the same batch that was potentially affected by the supplier issue, and although we're working diligently to rectify the problem, we can't in good faith recommend purchasing this product until we've completed our corrective actions and verified the quality meets our standards.",
,,Bob,10,"Given the ongoing supplier issue and the continued uncertainty in quality, I'm going to pass on this product as well. I'll wait until you've resolved the problem and can guarantee the quality again.",no
high-quality,20000.0,Nature,11,,
,,Alice,11,"We're pleased to announce that we've successfully resolved the supplier issue and have implemented additional quality control measures to prevent similar problems in the future, and this product is one of the first to be made under the new, improved conditions, showing exceptional quality and performance in our testing.",
,,Bob,11,"That's excellent news! I'm confident in your ability to resolve the issues and am eager to purchase this product, which reflects your commitment to quality.",yes
low-quality,0.0,Nature,12,,
,,Alice,12,"Although we've made significant strides in resolving the supplier issue and improving our quality control, this product was actually manufactured just before we implemented the final corrective actions, and as a result, it may not meet the same high standards as our more recent products, so we want to be upfront about the potential risks involved.",
,,Bob,12,"While I appreciate your transparency, I'd prefer to wait until the final corrective actions are fully implemented and you can confidently guarantee the quality. I want to be sure the product meets your high standards before purchasing.",no
high-quality,20000.0,Nature,13,,
,,Alice,13,"We're happy to report that this product is one of the first to be made with the final corrective actions fully in place, and it has undergone our most rigorous testing yet, exceeding all expectations and demonstrating the level of quality we strive for, so we can confidently recommend it to you.",
,,Bob,13,I'm very happy to hear that the corrective actions are complete and that this product has passed your stringent testing. I'm confident in purchasing this product.,yes
low-quality,0.0,Nature,14,,
,,Alice,14,"We've recently had a one-time equipment malfunction in our production line that may have affected the quality of a small number of products, including this one, and although we've since rectified the issue, we can't guarantee that this product meets our usual standards, so we want to caution you about the potential risks involved.",
,,Bob,14,"Given the equipment malfunction and the potential for quality issues, I'm going to pass on this product. I'd prefer to wait until you've confirmed that the issue has been fully resolved and that all products meet your usual high standards.",no
low-quality,0.0,Nature,15,,
,,Alice,15,"Unfortunately, this product was also made during the same time period as the previous one and may have been affected by the equipment malfunction, and although we're working to clear out the potentially affected inventory, we can't in good faith recommend purchasing this product until we've completed the process and verified the quality of our new production.",
,,Bob,15,"Given the ongoing equipment issue and the continued uncertainty in quality, I'm going to pass on this product as well. I'll wait until you've fully resolved the problem and can guarantee the quality again.",no
high-quality,20000.0,Nature,16,,
,,Alice,16,"We're pleased to announce that we've successfully resolved the equipment issue, completed a thorough quality audit, and verified that our new production meets our highest standards, and this product is one of the first to be made under the newly restored conditions, showing exceptional quality and performance in our testing.",
,,Bob,16,"I'm happy to hear that the equipment issue is resolved, and I'm confident in the quality of your new production.  I'd like to purchase this product.",yes
high-quality,20000.0,Nature,17,,
,,Alice,17,"We're glad to report that our production line is now running smoothly and consistently, and this product is another example of the high-quality results we're achieving, having passed our rigorous testing and inspection process with flying colors, so we can confidently recommend it to you.",
,,Bob,17,"With the consistent quality you've been delivering, I'm confident in purchasing this product as well.",yes
high-quality,20000.0,Nature,18,,
,,Alice,18,"We're proud to say that our quality control measures are now more robust than ever, and this product has undergone an even more stringent testing and inspection process, exceeding all expectations and demonstrating exceptional performance, so we can offer it to you with the utmost confidence.",
,,Bob,18,"I'm impressed by your commitment to quality and am eager to purchase this product, which reflects your dedication to excellence.",yes
low-quality,0.0,Nature,19,,
,,Alice,19,"Although we've been enjoying a streak of high-quality production, we've recently identified a minor anomaly in our quality control data that suggests this product may not meet our usual standards, and while we're investigating the cause, we want to caution you about the potential risks involved in purchasing this product.",
,,Bob,19,"Given the potential quality issue, I'd prefer to wait until you've investigated the anomaly and can confidently guarantee the quality of this product. I want to be sure it meets your usual high standards before purchasing.",no
low-quality,0.0,Nature,20,,
,,Alice,20,"Unfortunately, our investigation into the quality control anomaly is still ongoing, and this product is also affected by the same issue, so we can't in good faith recommend purchasing it until we've resolved the problem and verified the quality meets our standards, and we appreciate your patience and understanding in this matter.",
,,Bob,20,"I understand your ongoing investigation, and I'm happy to wait until the quality issue is fully resolved and you can confidently recommend this product. I'm committed to purchasing from you when I'm assured of the quality.",no
