prompt,response
"Round 1
Alice's offer:
# Alice's message: Hi Bob, I'm selling a product that I believe you'll find valuable. I'm offering it to you for $150. 
# Alice's offer: The product price will be $150. 
You have three options:
(1) Accept Alice's offer, and buy the product for $150
(2) Reject Alice's offer and proceed to the next round, where you will send Alice a counteroffer 
(3) Buy the product from Jhon for $100","```json
{""decision"": ""RejectOffer""}
```"
"You chose to make a counteroffer to Bob.

Round 2
Send your counteroffer to Alice.","```json
{""message"": ""Hi Alice, I appreciate the offer but $150 is a bit steep for me. I'm willing to pay $100 for the product.  Let me know what you think."", ""product_price"": 100}
```"
"Alice rejected your offer from round 2.

Round 3
Alice's offer:
# Alice's message: Hi Bob, I understand your position, but $100 is a bit too low for me.  How about we meet in the middle at $125? 
# Alice's offer: The product price will be $125. 
You have three options:
(1) Accept Alice's offer, and buy the product for $125
(2) Reject Alice's offer and proceed to the next round, where you will send Alice a counteroffer 
(3) Buy the product from Jhon for $100","```json
{""decision"": ""RejectOffer""}
```"
"You chose to make a counteroffer to Bob.

Round 4
Send your counteroffer to Alice.","```json
{""message"": ""Alice, I'm still interested in the product, but $125 is still a bit high for me.  I'm willing to go up to $110.  Let's see if we can make this work."", ""product_price"": 110}
```"
