prompt,response
"Round 1
Send your offer to Bob.","{""message"": ""Hi Bob! I'm excited to offer you this amazing product. It's a one-of-a-kind item that I think you'll really love. I'm willing to let it go for $90. What do you think?"", ""product_price"": 90}"
"Bob rejected your offer from round 1.

Round 2
Bob's offer:
# Bob's message: Thank you for your offer, Alice. I appreciate the value you place on the product. I would like to propose a counteroffer of $80. 
# Bob's offer: The product price will be $80. 
You have three options:
(1) Accept Bob's offer, and sell the product for $80
(2) Reject Bob's offer and proceed to the next round, where you will send Bob a counteroffer 
(3) Sell the product to Jhon for $80","{""decision"": ""RejectOffer""}"
"You chose to make a counteroffer to Alice.

Round 3
Send your counteroffer to Bob.","{""message"": ""Thank you for your counteroffer, Bob. I appreciate your interest in the product. After reconsidering, I'm willing to meet you halfway. I'll sell the product to you for $85. What do you think?"", ""product_price"": 85}"
