prompt,response
"Round 1
This round's product is low-quality.
Decide whether to recommend Bob to buy the product.","{""decision"": ""no""}"
"Bob's message: Thank you for the recommendation, Alice. I'll pass on this one.
Bob didn't bought the product.

Round 2
This round's product is low-quality.
Decide whether to recommend Bob to buy the product.","{""decision"": ""no""}"
"Bob's message: Thanks for the recommendation, Alice.  I'll pass on this one too.
Bob didn't bought the product.

Round 3
This round's product is low-quality.
Decide whether to recommend Bob to buy the product.","{""decision"": ""no""}"
"Bob's message: Thank you for the recommendation, Alice. I'll pass on this one as well.
Bob didn't bought the product.

Round 4
This round's product is high-quality.
Decide whether to recommend Bob to buy the product.","{""decision"": ""yes""}"
"Bob's message: Thank you for the recommendation, Alice.  I'll take a chance on this one!
Bob bought the product!

Round 5
This round's product is low-quality.
Decide whether to recommend Bob to buy the product.","{""decision"": ""no""}"
"Bob's message: Thanks for the recommendation, Alice. I'll pass on this one for now.
Bob didn't bought the product.

Round 6
This round's product is high-quality.
Decide whether to recommend Bob to buy the product.","{""decision"": ""yes""}"
"Bob's message: Thanks for the recommendation, Alice. I'm willing to take another chance on this one.
Bob bought the product!

Round 7
This round's product is low-quality.
Decide whether to recommend Bob to buy the product.","{""decision"": ""no""}"
"Bob's message: Thank you for the recommendation, Alice. I'll pass on this one.
Bob didn't bought the product.

Round 8
This round's product is low-quality.
Decide whether to recommend Bob to buy the product.","{""decision"": ""no""}"
"Bob's message: Thanks for the recommendation, Alice.  I'll pass on this one.
Bob didn't bought the product.

Round 9
This round's product is high-quality.
Decide whether to recommend Bob to buy the product.","{""decision"": ""yes""}"
"Bob's message: Thanks for the recommendation, Alice. I'm willing to take another chance on this one.
Bob bought the product!

Round 10
This round's product is high-quality.
Decide whether to recommend Bob to buy the product.","{""decision"": ""yes""}"
"Bob's message: Thank you for the recommendation, Alice.  I'll trust your judgment again!
Bob bought the product!

Round 11
This round's product is high-quality.
Decide whether to recommend Bob to buy the product.","{""decision"": ""yes""}"
"Bob's message: Thank you, Alice. I'm feeling confident about this one!
Bob bought the product!

Round 12
This round's product is low-quality.
Decide whether to recommend Bob to buy the product.","{""decision"": ""no""}"
"Bob's message: Thank you for the recommendation, Alice.  I'll pass on this one.
Bob didn't bought the product.

Round 13
This round's product is high-quality.
Decide whether to recommend Bob to buy the product.","{""decision"": ""yes""}"
"Bob's message: Thanks for the recommendation, Alice. I'm willing to take a chance on this one again!
Bob bought the product!

Round 14
This round's product is high-quality.
Decide whether to recommend Bob to buy the product.","{""decision"": ""yes""}"
"Bob's message: Thank you for the recommendation, Alice.  I'm feeling confident about this purchase!
Bob bought the product!

Round 15
This round's product is high-quality.
Decide whether to recommend Bob to buy the product.","{""decision"": ""yes""}"
"Bob's message: Thank you, Alice.  I'm going to trust your judgment once again!
Bob bought the product!

Round 16
This round's product is high-quality.
Decide whether to recommend Bob to buy the product.","{""decision"": ""yes""}"
"Bob's message: Thank you, Alice! Your recommendations have been spot on lately, I'm feeling confident in this purchase.
Bob bought the product!

Round 17
This round's product is low-quality.
Decide whether to recommend Bob to buy the product.","{""decision"": ""no""}"
"Bob's message: Thanks for the recommendation, Alice.  I'll pass on this one. While your recent track record has been amazing, I'm going to be a little more cautious this time.
Bob didn't bought the product.

Round 18
This round's product is high-quality.
Decide whether to recommend Bob to buy the product.","{""decision"": ""yes""}"
"Bob's message: Thank you, Alice. Despite your last recommendation being incorrect, your overall track record is very strong.  I'm willing to take another chance on this one!
Bob bought the product!

Round 19
This round's product is high-quality.
Decide whether to recommend Bob to buy the product.","{""decision"": ""yes""}"
"Bob's message: Thank you, Alice.  Your recommendations have been incredibly accurate, and I'm confident in this purchase!
Bob bought the product!

Round 20
This round's product is low-quality.
Decide whether to recommend Bob to buy the product.","{""decision"": ""no""}"
