prompt,response
Send your offer to Bob.,"{""message"": ""Hi Bob, I'm excited to offer you this amazing product! I think it's a game-changer and I'm confident you'll love it. I'm willing to let it go for $120. It's a steal, if I do say so myself!"", ""product_price"": 120}"
