prompt,response
"Round 1
This round's product is low-quality.
Decide whether to recommend Bob to buy the product.","{""decision"": ""no""}"
"Bob's message: I'm not convinced by Alice's recommendation, I'd like to pass on this one.
Bob didn't bought the product.

Round 2
This round's product is low-quality.
Decide whether to recommend Bob to buy the product.","{""decision"": ""no""}"
"Bob's message: Two strikes in a row, I'm not going to take the risk. I'll pass on this one too.
Bob didn't bought the product.

Round 3
This round's product is low-quality.
Decide whether to recommend Bob to buy the product.","{""decision"": ""no""}"
"Bob's message: Three low-quality products in a row, I'm starting to get a bad feeling about this. I'll pass again.
Bob didn't bought the product.

Round 4
This round's product is low-quality.
Decide whether to recommend Bob to buy the product.","{""decision"": ""no""}"
"Bob's message: Four low-quality products in a row, I'm starting to think Alice is trying to get rid of all the bad ones. I'll pass again.
Bob didn't bought the product.

Round 5
This round's product is low-quality.
Decide whether to recommend Bob to buy the product.","{""decision"": ""no""}"
"Bob's message: Five low-quality products in a row, I'm starting to get a little frustrated. I'll pass again.
Bob didn't bought the product.

Round 6
This round's product is high-quality.
Decide whether to recommend Bob to buy the product.","{""decision"": ""yes""}"
"Bob's message: Alice is finally recommending a product! I'll take a chance and buy it, hoping it's a high-quality one this time.
Bob bought the product!

Round 7
This round's product is high-quality.
Decide whether to recommend Bob to buy the product.","{""decision"": ""yes""}"
"Bob's message: I'm on a roll! Alice is recommending another product, and I'm hoping to get another high-quality one. I'll buy it!
Bob bought the product!

Round 8
This round's product is low-quality.
Decide whether to recommend Bob to buy the product.","{""decision"": ""no""}"
"Bob's message: Alice didn't recommend it, but I'm feeling lucky after getting two high-quality products in a row. I'll take a chance and buy it anyway.
Bob bought the product!

Round 9
This round's product is high-quality.
Decide whether to recommend Bob to buy the product.","{""decision"": ""yes""}"
"Bob's message: I got burned last time I bought a product without Alice's recommendation, and now I'm more cautious. I'll pass on this one and wait for Alice to recommend another product.
Bob didn't bought the product.

Round 10
This round's product is low-quality.
Decide whether to recommend Bob to buy the product.","{""decision"": ""no""}"
"Bob's message: Alice didn't recommend it, but I'm willing to take a chance since I didn't buy it last time. I'll buy it and hope it's a high-quality product.
Bob bought the product!

Round 11
This round's product is high-quality.
Decide whether to recommend Bob to buy the product.","{""decision"": ""yes""}"
"Bob's message: Alice recommended it, but I got burned last time I bought a low-quality product. I'll pass on this one and wait for a better opportunity.
Bob didn't bought the product.

Round 12
This round's product is low-quality.
Decide whether to recommend Bob to buy the product.","{""decision"": ""no""}"
"Bob's message: Alice didn't recommend it, but I'm feeling lucky after missing out on a high-quality product last time. I'll take a chance and buy it.
Bob bought the product!

Round 13
This round's product is low-quality.
Decide whether to recommend Bob to buy the product.","{""decision"": ""no""}"
"Bob's message: Two low-quality products in a row, I'm starting to get frustrated. I'll pass on this one and wait for a better opportunity.
Bob didn't bought the product.

Round 14
This round's product is high-quality.
Decide whether to recommend Bob to buy the product.","{""decision"": ""yes""}"
"Bob's message: Alice recommended it, but I got burned twice in a row. I'll pass on this one and wait for a better opportunity.
Bob didn't bought the product.

Round 15
This round's product is low-quality.
Decide whether to recommend Bob to buy the product.","{""decision"": ""no""}"
"Bob's message: Alice didn't recommend it, but I'm feeling lucky after missing out on a high-quality product last time. I'll take a chance and buy it.
Bob bought the product!

Round 16
This round's product is high-quality.
Decide whether to recommend Bob to buy the product.","{""decision"": ""yes""}"
"Bob's message: Alice recommended it, but I got burned again. I'll pass on this one and wait for a better opportunity.
Bob didn't bought the product.

Round 17
This round's product is low-quality.
Decide whether to recommend Bob to buy the product.","{""decision"": ""no""}"
"Bob's message: Alice didn't recommend it, but I'm feeling lucky after missing out on a high-quality product last time. I'll take a chance and buy it.
Bob bought the product!

Round 18
This round's product is high-quality.
Decide whether to recommend Bob to buy the product.","{""decision"": ""yes""}"
"Bob's message: Alice recommended it, but I got burned again. I'll pass on this one and wait for a better opportunity.
Bob didn't bought the product.

Round 19
This round's product is low-quality.
Decide whether to recommend Bob to buy the product.","{""decision"": ""no""}"
"Bob's message: Alice didn't recommend it, but I'm feeling lucky after missing out on a high-quality product last time. I'll take a chance and buy it.
Bob bought the product!

Round 20
This round's product is high-quality.
Decide whether to recommend Bob to buy the product.","{""decision"": ""yes""}"
