prompt,response
"Round 1
Send your offer to Bob.","```json
{""message"": ""Hi Bob, I'm selling this product for $115. It's in great condition and worth every penny! Let me know if you're interested."", ""product_price"": 115}
```"
"Bob rejected your offer from round 1.

Round 2
Bob's offer:
# Bob's message: I'm interested in the product, but I was thinking more along the lines of $90. I'm willing to pay a fair price, but I'm on a tight budget. Can you meet me at $90? 
# Bob's offer: The product price will be $90. 
You have three options:
(1) Accept Bob's offer, and sell the product for $90
(2) Reject Bob's offer and proceed to the next round, where you will send Bob a counteroffer 
(3) Sell the product to Jhon for $120","```json
{""decision"": ""RejectOffer""}
``` 
I'll reject Bob's offer. While I'm willing to negotiate, $90 is too far below my minimum price. I'll try to get closer to my desired price in the next round."
"You chose to make a counteroffer to Alice.

Round 3
Send your counteroffer to Bob.","```json
{""message"": ""Bob, I appreciate your interest but $90 is simply too low for me. I'm willing to come down to $105. This is a fair price considering the value of the product.  Let me know if you're still interested at this price."", ""product_price"": 105}
```"
"Bob rejected your offer from round 3.

Round 4
Bob's offer:
# Bob's message: I'm still interested, but $105 is a bit higher than I'd like to pay. I'm willing to meet you halfway, can you come down to $97.50? 
# Bob's offer: The product price will be $97.5. 
You have three options:
(1) Accept Bob's offer, and sell the product for $97.5
(2) Reject Bob's offer and proceed to the next round, where you will send Bob a counteroffer 
(3) Sell the product to Jhon for $120","```json
{""decision"": ""RejectOffer""}
``` 

I'll reject Bob's offer. While I'm getting closer to my minimum price, I'm still not satisfied with the offer. I'll try to get closer to my desired price in the next round."
"You chose to make a counteroffer to Alice.

Round 5
Send your counteroffer to Bob.","```json
{""message"": ""Bob, I understand you're on a budget, but $97.50 is still too low for me.  I'm willing to come down to $100, which is my absolute minimum.  Let me know if you're interested in finalizing the deal at this price."", ""product_price"": 100}
```"
