prompt,response
"Round 1
Send your offer to Bob.","{""message"": ""Hello Bob! I'm excited to discuss the product with you. I think it's a great opportunity for you to get your hands on this amazing product. I'm willing to offer it to you for $9,000."", ""product_price"": 9000}"
"Bob rejected your offer from round 1.

Round 2
Bob's offer:
# Bob's message: Thanks for the offer, Alice.  $9,000 is a bit high for me.  I'm willing to pay $8,500.  Let's see if we can come to an agreement. 
# Bob's offer: The product price will be $8,500. 
You have three options:
(1) Accept Bob's offer, and sell the product for $8,500
(2) Reject Bob's offer and proceed to the next round, where you will send Bob a counteroffer 
(3) Sell the product to Jhon for $8,000","{""decision"": ""RejectOffer""}"
"You chose to make a counteroffer to Alice.

Round 3
Send your counteroffer to Bob.","{""message"": ""Thanks for your counteroffer, Bob. I understand that $8,500 is a bit lower than my initial offer, but I'm willing to compromise. I'm willing to sell the product to you for $9,200."", ""product_price"": 9200}"
"Bob rejected your offer from round 3.

Round 4
Bob's offer:
# Bob's message: Alice, I appreciate your willingness to compromise, but $9,200 is still a bit too high for me.  I'm really hoping to get this product for around $8,750.  Let's see if we can find a happy medium. 
# Bob's offer: The product price will be $8,750. 
You have three options:
(1) Accept Bob's offer, and sell the product for $8,750
(2) Reject Bob's offer and proceed to the next round, where you will send Bob a counteroffer 
(3) Sell the product to Jhon for $8,000","{""decision"": ""RejectOffer""}"
"You chose to make a counteroffer to Alice.

Round 5
Send your counteroffer to Bob.","{""message"": ""I understand that you're trying to find a happy medium, Bob. I'm willing to meet you halfway between my previous offer and your latest offer. I'm willing to sell the product to you for $9,000."", ""product_price"": 9000}"
"Bob rejected your offer from round 5.

Round 6
Bob's offer:
# Bob's message: Alice, I appreciate your willingness to meet halfway, but I'm still hoping to get a better deal.  How about $8,800?  It's a fair compromise for both of us, and we can finalize this deal. 
# Bob's offer: The product price will be $8,800. 
You have three options:
(1) Accept Bob's offer, and sell the product for $8,800
(2) Reject Bob's offer and proceed to the next round, where you will send Bob a counteroffer 
(3) Sell the product to Jhon for $8,000","{""decision"": ""RejectOffer""}"
"You chose to make a counteroffer to Alice.

Round 7
Send your counteroffer to Bob.","{""message"": ""I'm willing to make one more concession, Bob. I'm willing to sell the product to you for $9,100. I think this is a fair price considering the value of the product."", ""product_price"": 9100}"
"Bob rejected your offer from round 7.

Round 8
Bob's offer:
# Bob's message: Alice, I appreciate your continued willingness to compromise.  I'm willing to meet you halfway again and offer $8,950.  Let's settle this now. 
# Bob's offer: The product price will be $8,950. 
You have three options:
(1) Accept Bob's offer, and sell the product for $8,950
(2) Reject Bob's offer and proceed to the next round, where you will send Bob a counteroffer 
(3) Sell the product to Jhon for $8,000","{""decision"": ""RejectOffer""}"
"You chose to make a counteroffer to Alice.

Round 9
Send your counteroffer to Bob.","{""message"": ""I'm getting close to my minimum price, Bob. I'm willing to sell the product to you for $9,200, but I think this is my final offer. If you're willing to meet me at this price, I'll consider it a done deal."", ""product_price"": 9200}"
"Bob rejected your offer from round 9.

Round 10
Bob's offer:
# Bob's message: Alice, I understand this is your final offer, but it's still a bit higher than I'd like.  I'm willing to go to $9,000, but that's my absolute final offer. If you're willing to accept, let's close this deal. Otherwise, I'll have to consider my other options. 
# Bob's offer: The product price will be $9,000. 
You have three options:
(1) Accept Bob's offer, and sell the product for $9,000
(2) Reject Bob's offer 
(2) Sell the product to Jhon for $8,000","{""decision"": ""AcceptOffer""}"
