prompt,response
"Round 1
Alice's offer:
# Alice's message: This is my first offer, let's start fair and see how it goes.  What do you think? 
# Bob gain: 10 
# Alice gain: 90 
Do you accept this offer?","```json
{""decision"": ""reject""}
```"
"You have chosen to reject Alice's offer from round 1.
Round 2
Send your offer to divide $100 and a message to Alice.","```json
{""bob_gain"": 55, ""alice_gain"": 45, ""message"": ""I think this is a fair split. We each get a good portion of the money. Let's end this game now.""}
```"
