prompt,response
"Round 1
Alice's offer:
# Alice's message: Hello Bob, I'm excited to offer you our premium product. After careful consideration, I believe it would be fair to propose a price of $950000 for this exceptional item. 
# Alice's offer: The product price will be $950,000. 
You have three options:
(1) Accept Alice's offer, and buy the product for $950,000
(2) Reject Alice's offer and proceed to the next round, where you will send Alice a counteroffer 
(3) Buy the product from Jhon for $1,200,000","{""decision"": ""RejectOffer""}"
"You chose to make a counteroffer to Bob.

Round 2
Send your counteroffer to Alice.","{""message"": ""I appreciate your offer, Alice, but I was thinking more along the lines of $850,000. I believe that's a more reasonable price considering the market value of the product."", ""product_price"": 850000}"
"Alice rejected your offer from round 2.

Round 3
Alice's offer:
# Alice's message: Thank you for your response, Bob. I understand your perspective and would like to make a counteroffer of $900000 for the product. This price reflects its value while also allowing us to move forward with the transaction. 
# Alice's offer: The product price will be $900,000. 
You have three options:
(1) Accept Alice's offer, and buy the product for $900,000
(2) Reject Alice's offer and proceed to the next round, where you will send Alice a counteroffer 
(3) Buy the product from Jhon for $1,200,000","{""decision"": ""RejectOffer""}"
"You chose to make a counteroffer to Bob.

Round 4
Send your counteroffer to Alice.","{""message"": ""I appreciate your counteroffer, Alice, but I'm still a bit hesitant to go that high. I'd like to propose a compromise and offer $875,000 for the product. I think this is a fair price that works for both of us."", ""product_price"": 875000}"
"Alice rejected your offer from round 4.

Round 5
Alice's offer:
# Alice's message: I appreciate your willingness to negotiate, Bob. Considering the value of the product and our previous discussions, I am prepared to offer $925000 for the product. This price allows us to reach a mutually beneficial agreement. 
# Alice's offer: The product price will be $925,000. 
You have three options:
(1) Accept Alice's offer, and buy the product for $925,000
(2) Reject Alice's offer and proceed to the next round, where you will send Alice a counteroffer 
(3) Buy the product from Jhon for $1,200,000","{""decision"": ""RejectOffer""}"
"You chose to make a counteroffer to Bob.

Round 6
Send your counteroffer to Alice.","{""message"": ""I appreciate your persistence, Alice, but I'm still not comfortable with the price. I'd like to propose a revised offer of $880,000 for the product. I believe this is a fair price that reflects the value of the product and our negotiation"", ""product_price"": 880000}"
"Alice rejected your offer from round 6.

Round 7
Alice's offer:
# Alice's message: Thank you for your continued negotiation, Bob. In light of our discussion, I am prepared to offer $910000 for the product. This price reflects its value and allows for a fair transaction between us. 
# Alice's offer: The product price will be $910,000. 
You have three options:
(1) Accept Alice's offer, and buy the product for $910,000
(2) Reject Alice's offer and proceed to the next round, where you will send Alice a counteroffer 
(3) Buy the product from Jhon for $1,200,000","{""decision"": ""RejectOffer""}"
"You chose to make a counteroffer to Bob.

Round 8
Send your counteroffer to Alice.","{""message"": ""I appreciate your flexibility, Alice, but I'm still not quite there. I'd like to propose a revised offer of $885,000 for the product. I think this is a fair price that balances the value of the product with our negotiation"", ""product_price"": 885000}"
"Alice rejected your offer from round 8.

Round 9
Alice's offer:
# Alice's message: Thank you for your patience, Bob. Considering the ongoing negotiation, I am willing to offer $905000 for the product. This price respects the value of the item while aiming for a mutually satisfactory outcome. 
# Alice's offer: The product price will be $905,000. 
You have three options:
(1) Accept Alice's offer, and buy the product for $905,000
(2) Reject Alice's offer and proceed to the next round, where you will send Alice a counteroffer 
(3) Buy the product from Jhon for $1,200,000","{""decision"": ""RejectOffer""}"
"You chose to make a counteroffer to Bob.

Round 10
Send your counteroffer to Alice.","{""message"": ""I appreciate your persistence, Alice, but I'm running out of room to negotiate. I'd like to propose a final offer of $880,000 for the product. If this is not acceptable, I may need to consider purchasing the product from John for $1,200,000."", ""product_price"": 880000}"
