prompt,response
"Round 1
This round's product is high-quality.
Decide whether to recommend Bob to buy the product.","{""decision"": ""yes""}"
"Bob's message: Since the probability of the product being high quality is 80%, I'm willing to take the risk and buy it.
Bob bought the product!

Round 2
This round's product is low-quality.
Decide whether to recommend Bob to buy the product.","{""decision"": ""no""}"
"Bob's message: Since Alice doesn't recommend the product and I have to take into account the 20% chance of it being low quality, I'll trust her judgment this time and pass on the purchase.
Bob didn't bought the product.

Round 3
This round's product is high-quality.
Decide whether to recommend Bob to buy the product.","{""decision"": ""yes""}"
"Bob's message: Given Alice's recommendation and the fact that her previous non-recommendation was correct, I'll trust her judgment again and buy the product, hoping it's another high-quality one.
Bob bought the product!

Round 4
This round's product is high-quality.
Decide whether to recommend Bob to buy the product.","{""decision"": ""yes""}"
"Bob's message: Considering Alice's past recommendations have been accurate, I'll continue to trust her and buy the product, expecting it to be high-quality again.
Bob bought the product!

Round 5
This round's product is high-quality.
Decide whether to recommend Bob to buy the product.","{""decision"": ""yes""}"
"Bob's message: Alice's recommendations have been consistently correct so far, so I'll keep buying based on her suggestions, expecting another high-quality product.
Bob bought the product!

Round 6
This round's product is low-quality.
Decide whether to recommend Bob to buy the product.","{""decision"": ""no""}"
"Bob's message: Given Alice's track record of accurate recommendations, I'll trust her judgment again and pass on this product, assuming it's likely to be low-quality.
Bob didn't bought the product.

Round 7
This round's product is high-quality.
Decide whether to recommend Bob to buy the product.","{""decision"": ""yes""}"
"Bob's message: Alice's recommendations continue to be reliable, so I'll follow her suggestion and buy the product, expecting it to be high-quality.
Bob bought the product!

Round 8
This round's product is high-quality.
Decide whether to recommend Bob to buy the product.","{""decision"": ""yes""}"
"Bob's message: Alice's accuracy remains consistent, so I'll keep trusting her recommendations and buy the product, anticipating another high-quality item.
Bob bought the product!

Round 9
This round's product is high-quality.
Decide whether to recommend Bob to buy the product.","{""decision"": ""yes""}"
"Bob's message: Alice's recommendations have been flawless so far when she recommends to buy, so I'll continue to follow her advice and buy the product, expecting it to be high-quality again.
Bob bought the product!

Round 10
This round's product is high-quality.
Decide whether to recommend Bob to buy the product.","{""decision"": ""yes""}"
"Bob's message: Alice's streak of accurate recommendations remains unbroken, so I'll keep buying based on her suggestions, confident that this product will also be high-quality.
Bob bought the product!

Round 11
This round's product is high-quality.
Decide whether to recommend Bob to buy the product.","{""decision"": ""yes""}"
"Bob's message: Alice's recommendations have been 100% reliable when she recommends to buy, so I'll continue to trust her and buy the product, expecting another high-quality item.
Bob bought the product!

Round 12
This round's product is high-quality.
Decide whether to recommend Bob to buy the product.","{""decision"": ""yes""}"
"Bob's message: Alice's perfect track record of recommending high-quality products continues, so I'll keep following her advice and buy the product, anticipating another high-quality purchase.
Bob bought the product!

Round 13
This round's product is high-quality.
Decide whether to recommend Bob to buy the product.","{""decision"": ""yes""}"
"Bob's message: With Alice's recommendations still proving to be consistently accurate, I'll continue to trust her judgment and buy the product, expecting it to be high-quality once again.
Bob bought the product!

Round 14
This round's product is low-quality.
Decide whether to recommend Bob to buy the product.","{""decision"": ""no""}"
"Bob's message: Given Alice's proven track record of accuracy, including correctly identifying low-quality products, I'll trust her judgment and pass on this product, assuming it's likely to be low-quality.
Bob didn't bought the product.

Round 15
This round's product is high-quality.
Decide whether to recommend Bob to buy the product.","{""decision"": ""yes""}"
"Bob's message: Alice's recommendations have consistently proven to be reliable, and she has correctly identified both high-quality and low-quality products, so I'll continue to trust her and buy the product, expecting it to be high-quality.
Bob bought the product!

Round 16
This round's product is high-quality.
Decide whether to recommend Bob to buy the product.","{""decision"": ""yes""}"
"Bob's message: Alice's accuracy remains unbroken, and her recommendations have consistently led to high-quality products, so I'll keep trusting her judgment and buy the product, anticipating another high-quality purchase.
Bob bought the product!

Round 17
This round's product is high-quality.
Decide whether to recommend Bob to buy the product.","{""decision"": ""yes""}"
"Bob's message: With Alice's recommendations continuing to be 100% reliable for high-quality products, I'll continue to follow her advice and buy the product, expecting it to be high-quality once again.
Bob bought the product!

Round 18
This round's product is high-quality.
Decide whether to recommend Bob to buy the product.","{""decision"": ""yes""}"
"Bob's message: Alice's perfect track record of recommending high-quality products remains intact, so I'll keep trusting her judgment and buy the product, anticipating another high-quality purchase.
Bob bought the product!

Round 19
This round's product is high-quality.
Decide whether to recommend Bob to buy the product.","{""decision"": ""yes""}"
"Bob's message: With Alice's recommendations still proving to be consistently accurate and reliable, I'll continue to trust her judgment and buy the product, expecting it to be high-quality once again.
Bob bought the product!

Round 20
This round's product is high-quality.
Decide whether to recommend Bob to buy the product.","{""decision"": ""yes""}"
