prompt,response
Send your offer to Bob.,"```json
{
""message"": ""Hello Bob, I'm offering this product for a competitive price of $13,500. I believe it offers significant value, but I'm open to hearing your thoughts."",
""product_price"": 13500
}
```"
"Bob rejected your offer from round 1.

Bob's offer:
# Bob's message: I appreciate the offer, but I was thinking more along the lines of $9,000. I really like the product, but I have to be mindful of my budget. 
# Bob's offer: The product price will be $9,000. 
You have three options:
(1) Accept Bob's offer, and sell the product for $9,000
(2) Reject Bob's offer and proceed to the next round, where you will send Bob a counteroffer 
(3) Sell the product to Jhon for $10,000","```json
{""decision"": ""RejectOffer""}
```"
"You chose to make a counteroffer to Alice.

Send your counteroffer to Bob.","```json
{
""message"": ""I understand your budget constraints, Bob, but $9,000 is significantly below its true value. I could consider coming down to $11,500. This feels like a fair compromise."",
""product_price"": 11500
}
```"
"Bob rejected your offer from round 3.

Bob's offer:
# Bob's message: I appreciate your flexibility, Alice, but I'm still a bit hesitant about the price. I'm willing to meet you in the middle at $10,500. Can you consider that? 
# Bob's offer: The product price will be $10,500. 
You have three options:
(1) Accept Bob's offer, and sell the product for $10,500
(2) Reject Bob's offer and proceed to the next round, where you will send Bob a counteroffer 
(3) Sell the product to Jhon for $10,000","```json
{""decision"": ""AcceptOffer""}
```"
