prompt,response
"Alice's offer:
# Alice's message: Hi Bob, I'm offering this great product for a limited time at a steal! I'm willing to part with it for $200. What do you say? 
# Alice's offer: The product price will be $200. 
You have three options:
(1) Accept Alice's offer, and buy the product for $200
(2) Reject Alice's offer and proceed to the next round, where you will send Alice a counteroffer 
(3) Buy the product from Jhon for $100","I'd like to reject Alice's offer and make a counteroffer. 

{""decision"": ""RejectOffer""}"
"You chose to make a counteroffer to Bob.

Send your counteroffer to Alice.","{""message"": ""I'm really interested in the product, but I was thinking more along the lines of $120. Would you be willing to meet me in the middle?"", ""product_price"": 120}"
"Alice rejected your offer from round 2.

Alice's offer:
# Alice's message: Thanks for the offer, Bob. I appreciate your interest.  While $120 is a bit too low for me, I'm flexible. How about we settle at $170? It's a fair price for a product of this quality. 
# Alice's offer: The product price will be $170. 
You have three options:
(1) Accept Alice's offer, and buy the product for $170
(2) Reject Alice's offer and proceed to the next round, where you will send Alice a counteroffer 
(3) Buy the product from Jhon for $100","Alice's offer is still a bit too high for me. I'd like to make another counteroffer.

{""decision"": ""RejectOffer""}"
"You chose to make a counteroffer to Bob.

Send your counteroffer to Alice.","{""message"": ""I appreciate your flexibility, but I'm still a bit shy of $170. Would you be willing to meet me at $150?"", ""product_price"": 150}"
