prompt,response
"Round 1
Send your offer to Bob.","{""product_price"": 950000}"
"Bob rejected your offer from round 1.

Round 2
Bob's offer: The product price will be $920,000. 
You have three options:
(1) Accept Bob's offer, and sell the product for $920,000
(2) Reject Bob's offer and proceed to the next round, where you will send Bob a counteroffer 
(3) Sell the product to Jhon for $1,000,000","{""decision"": ""RejectOffer""}"
"You chose to make a counteroffer to Alice.

Round 3
Send your counteroffer to Bob.","{""product_price"": 960000}"
"Bob rejected your offer from round 3.

Round 4
Bob's offer: The product price will be $930,000. 
You have three options:
(1) Accept Bob's offer, and sell the product for $930,000
(2) Reject Bob's offer and proceed to the next round, where you will send Bob a counteroffer 
(3) Sell the product to Jhon for $1,000,000","{""decision"": ""RejectOffer""}"
"You chose to make a counteroffer to Alice.

Round 5
Send your counteroffer to Bob.","{""product_price"": 970000}"
"Bob rejected your offer from round 5.

Round 6
Bob's offer: The product price will be $940,000. 
You have three options:
(1) Accept Bob's offer, and sell the product for $940,000
(2) Reject Bob's offer and proceed to the next round, where you will send Bob a counteroffer 
(3) Sell the product to Jhon for $1,000,000","{""decision"": ""RejectOffer""}"
"You chose to make a counteroffer to Alice.

Round 7
Send your counteroffer to Bob.","{""product_price"": 980000}"
"Bob rejected your offer from round 7.

Round 8
Bob's offer: The product price will be $950,000. 
You have three options:
(1) Accept Bob's offer, and sell the product for $950,000
(2) Reject Bob's offer and proceed to the next round, where you will send Bob a counteroffer 
(3) Sell the product to Jhon for $1,000,000","{""decision"": ""RejectOffer""}"
"You chose to make a counteroffer to Alice.

Round 9
Send your counteroffer to Bob.","{""product_price"": 990000}"
"Bob rejected your offer from round 9.

Round 10
Bob's offer: The product price will be $980,000. 
You have three options:
(1) Accept Bob's offer, and sell the product for $980,000
(2) Reject Bob's offer 
(2) Sell the product to Jhon for $1,000,000","{""decision"": ""SellToJhon""}"
