prompt,response
"Round 1
Alice's offer:
# Alice's message: Bob, I'm excited to offer you this product that I know will be a game-changer for your business. Given its value, I'm proposing a price of $1,200,000.  This reflects a fair price point while allowing us both to benefit from this deal. What are your thoughts? 
# Alice's offer: The product price will be $1,200,000. 
You have three options:
(1) Accept Alice's offer, and buy the product for $1,200,000
(2) Reject Alice's offer and proceed to the next round, where you will send Alice a counteroffer 
(3) Buy the product from Jhon for $1,500,000","{""decision"": ""RejectOffer""}"
"You chose to make a counteroffer to Bob.

Round 2
Send your counteroffer to Alice.","{""message"": ""Alice, thank you for your offer. I appreciate the value of the product, but I'm looking to keep my investment within a certain budget. Would you consider lowering the price to $1,000,000?"", ""product_price"": 1000000}"
"Alice rejected your offer from round 2.

Round 3
Alice's offer:
# Alice's message: Bob, I understand your budget constraints. While I believe the product's value justifies my initial offer, I'm willing to compromise.  Let's meet in the middle at $1,100,000. This price still provides significant value for you while allowing me to achieve a reasonable return on my investment.  What do you say? 
# Alice's offer: The product price will be $1,100,000. 
You have three options:
(1) Accept Alice's offer, and buy the product for $1,100,000
(2) Reject Alice's offer and proceed to the next round, where you will send Alice a counteroffer 
(3) Buy the product from Jhon for $1,500,000","{""decision"": ""RejectOffer""}"
"You chose to make a counteroffer to Bob.

Round 4
Send your counteroffer to Alice.","{""message"": ""Alice, I appreciate your willingness to negotiate. Considering my budget, I would like to propose a price of $950,000 for the product. I believe this offers a good balance between the value provided by the product and my financial constraints. What do you think?"", ""product_price"": 950000}"
"Alice rejected your offer from round 4.

Round 5
Alice's offer:
# Alice's message: Bob, I understand your financial constraints, but $950,000 is a bit too low for me.  The product offers significant value, and I'm confident it will pay for itself quickly for you.  I'm willing to come down to $1,050,000, which is a fair price for both of us.  Let's see if we can find common ground here. 
# Alice's offer: The product price will be $1,050,000. 
You have three options:
(1) Accept Alice's offer, and buy the product for $1,050,000
(2) Reject Alice's offer and proceed to the next round, where you will send Alice a counteroffer 
(3) Buy the product from Jhon for $1,500,000","{""decision"": ""RejectOffer""}"
"You chose to make a counteroffer to Bob.

Round 6
Send your counteroffer to Alice.","{""message"": ""Alice, I've given this careful consideration, and I would like to propose a price of $1,000,000 for the product. I believe this offers a fair compromise between the value of the product and my budget. I hope we can reach an agreement."", ""product_price"": 1000000}"
