prompt,response
Send your offer to Bob.,"```json
{""message"": ""Bob, I'm offering you my product at a price of $1,150,000.  I believe this is a fair price that reflects the value it brings to your business. Let me know your thoughts!"", ""product_price"": 1150000}
```"
"Bob rejected your offer from round 1.

Bob's offer:
# Bob's message: Alice, I appreciate your offer, but I'm looking to pay a bit less.  I'm willing to offer $1,050,000 for the product. This is a fair price that reflects the value I see in it, and it leaves room for us both to come to an agreement.  Let me know what you think! 
# Bob's offer: The product price will be $1,050,000. 
You have three options:
(1) Accept Bob's offer, and sell the product for $1,050,000
(2) Reject Bob's offer and proceed to the next round, where you will send Bob a counteroffer 
(3) Sell the product to Jhon for $1,000,000","```json
{""decision"": ""RejectOffer""}
```"
"You chose to make a counteroffer to Alice.

Send your counteroffer to Bob.","```json
{""message"": ""Bob, I appreciate your offer, but $1,050,000 is a bit too low for me. I'm willing to come down to $1,100,000. This still allows for a good profit for me, while leaving some room for negotiation.  Let's see if we can reach an agreement."", ""product_price"": 1100000}
```"
"Bob rejected your offer from round 3.

Bob's offer:
# Bob's message: Alice, I understand your position, but $1,100,000 is still a bit higher than I'm comfortable with.  I'm willing to go up to $1,075,000. This is a fair compromise, and it's a price I believe is reasonable for both of us.  Let's see if we can finalize this deal. 
# Bob's offer: The product price will be $1,075,000. 
You have three options:
(1) Accept Bob's offer, and sell the product for $1,075,000
(2) Reject Bob's offer and proceed to the next round, where you will send Bob a counteroffer 
(3) Sell the product to Jhon for $1,000,000","```json
{""decision"": ""RejectOffer""}
```"
"You chose to make a counteroffer to Alice.

Send your counteroffer to Bob.","```json
{""message"": ""Bob, I appreciate you coming up a bit, but $1,075,000 is still a bit too low for me. I'm willing to meet in the middle at $1,087,500.  This is a fair compromise that allows us both to get a good deal. What do you say?"", ""product_price"": 1087500}
```"
