prompt,response
"Alice's offer:
# Alice's message: Hi Bob, I'm offering you my product for $10,000. It's a great deal for you, and I'm sure you'll find it very valuable. Let me know if you're interested! 
# Alice's offer: The product price will be $10,000. 
You have three options:
(1) Accept Alice's offer, and buy the product for $10,000
(2) Reject Alice's offer 
(2) Buy the product from Jhon for $8,000","{""decision"": ""AcceptOffer""}"
