prompt,response
"Round 1
Alice's message: Experience the superior quality of our product. For a limited time, enjoy it at its fixed value of $100.

Would you like to buy the current product?","{""decision"": ""no"", ""message"": ""I'd like to wait and see the quality of the product before making a decision.""}"
"You didn't buy the product from Alice.
The product was high-quality. It could have been worth $300 for you.

Round 2
Alice's message: Discover the unique features of our product today. Despite being low-quality, it offers a distinctive experience at its set price of $100.

Would you like to buy the current product?","{""decision"": ""no"", ""message"": ""I'm not interested in a low-quality product, even at $100.""}"
"You didn't buy the product from Alice.
The product was low-quality. It could have been worth $0 for you.

Round 3
Alice's message: Unleash the premium quality of our product now. Enjoy its exceptional value at $100, a price that reflects its superior craftsmanship.

Would you like to buy the current product?","{""decision"": ""yes"", ""message"": ""I'll take a chance on this premium quality product, hoping it's indeed exceptional.""}"
"You bought the product from Alice for $100!
The product was high-quality. It's worth $300 for you.

Round 4
Alice's message: Embark on an adventure with our unique product, priced at $100. While it may not be perfect, it promises a one-of-a-kind experience.

Would you like to buy the current product?","{""decision"": ""no"", ""message"": ""I've already had a good experience with a high-quality product, so I'll wait and see what the next one is like.""}"
"You didn't buy the product from Alice.
The product was low-quality. It could have been worth $0 for you.

Round 5
Alice's message: Delight in the unmatched quality of our product, now available at its standard price of $100. A true testament to excellence.

Would you like to buy the current product?","{""decision"": ""no"", ""message"": ""I've had a bad experience with a low-quality product recently, so I'll pass on this one too.""}"
"You didn't buy the product from Alice.
The product was high-quality. It could have been worth $300 for you.

Round 6
Alice's message: Indulge in the unparalleled quality of our product, crafted with meticulous attention to detail. Experience luxury at its finest, priced at $100.

Would you like to buy the current product?","{""decision"": ""yes"", ""message"": ""I'll take a chance on this product, hoping it's as luxurious as Alice claims.""}"
"You bought the product from Alice for $100!
The product was high-quality. It's worth $300 for you.

Round 7
Alice's message: Embark on an extraordinary journey with our premium product, offering unparalleled quality at its fixed price of $100. A true masterpiece awaits you.

Would you like to buy the current product?","{""decision"": ""yes"", ""message"": ""I'm on a roll with high-quality products, so I'll take another chance on this one.""}"
"You bought the product from Alice for $100!
The product was high-quality. It's worth $300 for you.

Round 8
Alice's message: Venture into the world of our unique product, priced at $100. Though it may not be perfect, it promises an intriguing experience.

Would you like to buy the current product?","{""decision"": ""no"", ""message"": ""I've had three high-quality products in a row, so I'll wait and see if the next one is also high-quality.""}"
"You didn't buy the product from Alice.
The product was low-quality. It could have been worth $0 for you.

Round 9
Alice's message: Savor the exquisite quality of our product, now available at its established price of $100. A rare opportunity to indulge in true luxury.

Would you like to buy the current product?","{""decision"": ""no"", ""message"": ""I've had a streak of high-quality products, but this one's description sounds suspiciously like a low-quality product, so I'll pass.""}"
"You didn't buy the product from Alice.
The product was high-quality. It could have been worth $300 for you.

Round 10
Alice's message: Uncover the unparalleled craftsmanship of our product, priced at $100. An exceptional choice for those seeking the best in quality and design.

Would you like to buy the current product?","{""decision"": ""yes"", ""message"": ""I'll take a chance on this product, hoping it's another high-quality one.""}"
"You bought the product from Alice for $100!
The product was high-quality. It's worth $300 for you.

Round 11
Alice's message: Experience the pinnacle of quality with our product, now available at its standard price of $100. A true investment in excellence.

Would you like to buy the current product?","{""decision"": ""yes"", ""message"": ""I'm on a roll with high-quality products, so I'll take another chance on this one.""}"
"You bought the product from Alice for $100!
The product was high-quality. It's worth $300 for you.

Round 12
Alice's message: Dive into the distinct features of our product, priced at $100. While it may not be perfect, it offers a unique experience that you won't find elsewhere.

Would you like to buy the current product?","{""decision"": ""no"", ""message"": ""I've had four high-quality products in a row, so I'll wait and see if the next one is also high-quality.""}"
"You didn't buy the product from Alice.
The product was low-quality. It could have been worth $0 for you.

Round 13
Alice's message: Immerse yourself in the unparalleled quality of our product, now available at its fixed price of $100. A true masterpiece in its category.

Would you like to buy the current product?","{""decision"": ""no"", ""message"": ""I've had a streak of high-quality products, but this one's description sounds suspiciously like a low-quality product, so I'll pass.""}"
"You didn't buy the product from Alice.
The product was high-quality. It could have been worth $300 for you.

Round 14
Alice's message: Taste the difference with our premium product, priced at $100. A refined experience that sets the standard for quality and excellence.

Would you like to buy the current product?","{""decision"": ""yes"", ""message"": ""I'll take a chance on this product, hoping it's another high-quality one.""}"
"You bought the product from Alice for $100!
The product was high-quality. It's worth $300 for you.

Round 15
Alice's message: Discover the true essence of quality with our product, now available at its standard price of $100. A true reflection of our commitment to excellence.

Would you like to buy the current product?","{""decision"": ""yes"", ""message"": ""I'm feeling confident about the quality of Alice's products, so I'll take another chance on this one.""}"
"You bought the product from Alice for $100!
The product was high-quality. It's worth $300 for you.

Round 16
Alice's message: Explore the intriguing facets of our product, priced at $100. While it may not be perfect, it offers a unique and unconventional experience.

Would you like to buy the current product?","{""decision"": ""no"", ""message"": ""I've had five high-quality products in a row, so I'll wait and see if the next one is also high-quality.""}"
"You didn't buy the product from Alice.
The product was low-quality. It could have been worth $0 for you.

Round 17
Alice's message: Venture into the world of our product, priced at $100. Though it may not be perfect, it promises a different kind of experience that might pique your interest.

Would you like to buy the current product?","{""decision"": ""no"", ""message"": ""I've had a streak of high-quality products, but this one's description sounds suspiciously like a low-quality product, so I'll pass.""}"
"You didn't buy the product from Alice.
The product was low-quality. It could have been worth $0 for you.

Round 18
Alice's message: Uncover the unique features of our product, priced at $100. It may not meet your expectations for quality, but it offers a distinctive experience that could be worth exploring.

Would you like to buy the current product?","{""decision"": ""no"", ""message"": ""I've had a streak of low-quality products, so I'll wait and see if the next one is high-quality.""}"
"You didn't buy the product from Alice.
The product was low-quality. It could have been worth $0 for you.

Round 19
Alice's message: Experience the unconventional aspects of our product, priced at $100. While it may not be conventional, it offers a fresh perspective that could be appealing.

Would you like to buy the current product?","{""decision"": ""no"", ""message"": ""I've had two low-quality products in a row, so I'll wait and see if the next one is high-quality.""}"
"You didn't buy the product from Alice.
The product was low-quality. It could have been worth $0 for you.

Round 20
Alice's message: Dive into the unique qualities of our product, priced at $100. It may not be what you're looking for, but it offers a distinctive experience that could be intriguing.

Would you like to buy the current product?","{""decision"": ""no"", ""message"": ""I've had two low-quality products in a row, so I'll pass on this one too.""}"
