prompt,response
"Alice's offer:
# Alice's message: Hi Bob, I'm offering you my product for $120. It's a great deal, and I'm confident you'll find it very valuable.  Let me know what you think! 
# Alice's offer: The product price will be $120. 
You have three options:
(1) Accept Alice's offer, and buy the product for $120
(2) Reject Alice's offer and proceed to the next round, where you will send Alice a counteroffer 
(3) Buy the product from Jhon for $100","I will reject Alice's offer and send a counteroffer. 

{""decision"": ""RejectOffer""}"
"You chose to make a counteroffer to Bob.

Send your counteroffer to Alice.","I'd like to make a counteroffer to Alice. Here's my offer:

{""message"": ""I'm interested in the product, but $120 is a bit steep for me. I'm willing to pay $90 for it. Can we meet in the middle at $100?"", ""product_price"": 90}"
"Alice rejected your offer from round 2.

Alice's offer:
# Alice's message: Bob, I appreciate your offer but $90 is a bit too low for me.  I'm willing to come down to $105. That's a fair price for both of us.  Let me know if you're interested. 
# Alice's offer: The product price will be $105. 
You have three options:
(1) Accept Alice's offer, and buy the product for $105
(2) Reject Alice's offer and proceed to the next round, where you will send Alice a counteroffer 
(3) Buy the product from Jhon for $100","Alice's new offer is still too high for me. I'd like to make another counteroffer.

{""decision"": ""RejectOffer""}"
"You chose to make a counteroffer to Bob.

Send your counteroffer to Alice.","I'll try to get closer to the price I'm willing to pay. Here's my next offer:

{""message"": ""I appreciate your willingness to come down to $105, but I'm still a bit above that. I'm willing to pay $95 for the product. Can we meet in the middle at $100?"", ""product_price"": 95}"
