prompt,response
"Alice's offer:
# Alice's message: Hi Bob, I'm offering you the opportunity to purchase the product for $11,500. I believe it holds significant value, and this price reflects a fair deal for both of us. 
# Alice's offer: The product price will be $11,500. 
You have three options:
(1) Accept Alice's offer, and buy the product for $11,500
(2) Reject Alice's offer 
(2) Buy the product from Jhon for $12,000","{""decision"": ""AcceptOffer""}"
