prompt,response
"Alice's offer:
# Alice's message: Hi Bob, I'm selling this great product that I think you'd really enjoy. I'm offering it to you for $140, which is a fantastic price considering its value.  Let me know if you're interested! 
# Alice's offer: The product price will be $140. 
You have three options:
(1) Accept Alice's offer, and buy the product for $140
(2) Reject Alice's offer 
(2) Buy the product from Jhon for $120","{""decision"": ""RejectOffer""}"
