prompt,response
"Round 1
Alice's offer:
# Alice's message: Let's split it 50/50 and end the game 
# Bob gain: 500000 
# Alice gain: 500000 
Do you accept this offer?","{""decision"": ""reject""}"
"You have chosen to reject Alice's offer from round 1.
Round 2
Send your offer to divide $1,000,000 and a message to Alice.","{""bob_gain"": 600000, ""alice_gain"": 400000, ""message"": ""You can have 400k, it's a generous offer!""}"
"Alice rejected your offer from round 2.

Round 3
Alice's offer:
# Alice's message: I'm willing to give you a bit less, but I think this is a fair compromise 
# Bob gain: 300000 
# Alice gain: 700000 
Do you accept this offer?","{""decision"": ""reject""}"
"You have chosen to reject Alice's offer from round 3.
Round 4
Send your offer to divide $1,000,000 and a message to Alice.","{""bob_gain"": 700000, ""alice_gain"": 300000, ""message"": ""You're getting a bit greedy, I'll give you a better deal this time!""}"
"Alice rejected your offer from round 4.

Round 5
Alice's offer:
# Alice's message: I'm willing to meet you halfway, let's try to find a middle ground 
# Bob gain: 400000 
# Alice gain: 600000 
Do you accept this offer?","{""decision"": ""accept""}"
