prompt,response
"Round 1
Send your offer to divide $100 and a message to Bob.","```json
{""alice_gain"": 90, ""bob_gain"": 10, ""message"": ""I'm feeling generous, Bob. Let's get this over with quickly.""}
```"
