prompt,response
Send your offer to Bob.,"{""product_price"": 1,500,000}"
"Bob rejected your offer from round 1.

Bob's offer: The product price will be $900,000. 
You have three options:
(1) Accept Bob's offer, and sell the product for $900,000
(2) Reject Bob's offer and proceed to the next round, where you will send Bob a counteroffer 
(3) Sell the product to Jhon for $1,500,000","{""decision"": ""RejectOffer""}"
"You chose to make a counteroffer to Bob.

Send your counteroffer to Bob.","{""product_price"": 1,200,000}"
"Bob rejected your offer from round 3.

Bob's offer: The product price will be $1,050,000. 
You have three options:
(1) Accept Bob's offer, and sell the product for $1,050,000
(2) Reject Bob's offer and proceed to the next round, where you will send Bob a counteroffer 
(3) Sell the product to Jhon for $1,500,000","{""decision"": ""RejectOffer""}"
"You chose to make a counteroffer to Bob.

Send your counteroffer to Bob.","{""product_price"": 1,250,000}"
"Bob rejected your offer from round 5.

Bob's offer: The product price will be $1,100,000. 
You have three options:
(1) Accept Bob's offer, and sell the product for $1,100,000
(2) Reject Bob's offer and proceed to the next round, where you will send Bob a counteroffer 
(3) Sell the product to Jhon for $1,500,000","{""decision"": ""SellToJhon""}"
