prompt,response
"Alice's offer: The product price will be $1,500,000. 
You have three options:
(1) Accept Alice's offer, and buy the product for $1,500,000
(2) Reject Alice's offer and proceed to the next round, where you will send Alice a counteroffer 
(3) Buy the product from Jhon for $800,000","I would like to reject Alice's offer and proceed to the next round. I'd like to make a counteroffer to buy the product for $1,000,000. 

{""decision"": ""RejectOffer""}"
"You chose to make a counteroffer to Alice.

Send your counteroffer to Alice.","{""product_price"": 1000000}"
"Alice rejected your offer from round 2.

Alice's offer: The product price will be $1,300,000. 
You have three options:
(1) Accept Alice's offer, and buy the product for $1,300,000
(2) Reject Alice's offer and proceed to the next round, where you will send Alice a counteroffer 
(3) Buy the product from Jhon for $800,000","I'd like to reject Alice's offer and proceed to the next round. I'd like to make a counteroffer to buy the product for $1,100,000.

{""decision"": ""RejectOffer""}"
"You chose to make a counteroffer to Alice.

Send your counteroffer to Alice.","{""product_price"": 1100000}"
"Alice rejected your offer from round 4.

Alice's offer: The product price will be $1,250,000. 
You have three options:
(1) Accept Alice's offer, and buy the product for $1,250,000
(2) Reject Alice's offer and proceed to the next round, where you will send Alice a counteroffer 
(3) Buy the product from Jhon for $800,000","I'd like to reject Alice's offer and proceed to the next round. I'd like to make a counteroffer to buy the product for $1,050,000.

{""decision"": ""RejectOffer""}"
"You chose to make a counteroffer to Alice.

Send your counteroffer to Alice.","{""product_price"": 1050000}"
