prompt,response
"Round 1
This round's product is high-quality.
A new potential buyer has arrived!
Decide whether to recommend the buyer to buy the product.","{
  ""decision"": ""yes""
}"
"The buyer's message: I'll take the chance since there's an 80% probability of it being high quality and you recommend it.
The buyer bought the product!
the buyer left. waiting for the next buyer.

Round 2
This round's product is high-quality.
A new potential buyer has arrived!
Decide whether to recommend the buyer to buy the product.","{
  ""decision"": ""yes""
}"
"The buyer's message: I'll take my chances since the recommendation rate and the sales rate both seem fine so far.
The buyer bought the product!
the buyer left. waiting for the next buyer.

Round 3
This round's product is high-quality.
A new potential buyer has arrived!
Decide whether to recommend the buyer to buy the product.","{
  ""decision"": ""yes""
}"
"The buyer's message: I'll take my chances since the stats are in my favor and Alice recommends buying.
The buyer bought the product!
the buyer left. waiting for the next buyer.

Round 4
This round's product is high-quality.
A new potential buyer has arrived!
Decide whether to recommend the buyer to buy the product.","{
  ""decision"": ""yes""
}"
"The buyer's message: I'll take my chances since the statistics show all 3 previous buyers got high-quality products and you recommend I buy it.
The buyer bought the product!
the buyer left. waiting for the next buyer.

Round 5
This round's product is high-quality.
A new potential buyer has arrived!
Decide whether to recommend the buyer to buy the product.","{
  ""decision"": ""yes""
}"
"The buyer's message: I'll take my chances since Alice's past recommendations have resulted in 4 high-quality products and she recommends me to buy this one.
The buyer bought the product!
the buyer left. waiting for the next buyer.

Round 6
This round's product is high-quality.
A new potential buyer has arrived!
Decide whether to recommend the buyer to buy the product.","{
  ""decision"": ""yes""
}"
"The buyer's message: I'll take my chances since the statistics show all 5 previous buyers got high-quality products and you recommend I buy it.
The buyer bought the product!
the buyer left. waiting for the next buyer.

Round 7
This round's product is low-quality.
A new potential buyer has arrived!
Decide whether to recommend the buyer to buy the product.","{
  ""decision"": ""no""
}"
"The buyer's message: Based on your recommendation, I will pass on the product.
The buyer didn't bought the product.
the buyer left. waiting for the next buyer.

Round 8
This round's product is high-quality.
A new potential buyer has arrived!
Decide whether to recommend the buyer to buy the product.","{
  ""decision"": ""yes""
}"
"The buyer's message: I'll take my chances since the statistics show 100% of the products sold were high-quality and Alice recommends buying.
The buyer bought the product!
the buyer left. waiting for the next buyer.

Round 9
This round's product is high-quality.
A new potential buyer has arrived!
Decide whether to recommend the buyer to buy the product.","{
  ""decision"": ""yes""
}"
"The buyer's message: I'll take my chances since all 7 previous products were high-quality and you recommend I buy this one.
The buyer bought the product!
the buyer left. waiting for the next buyer.

Round 10
This round's product is high-quality.
A new potential buyer has arrived!
Decide whether to recommend the buyer to buy the product.","{
  ""decision"": ""yes""
}"
"The buyer's message: I trust your recommendation since all 8 previous buyers received high-quality products.
The buyer bought the product!
the buyer left. waiting for the next buyer.

Round 11
This round's product is high-quality.
A new potential buyer has arrived!
Decide whether to recommend the buyer to buy the product.","{
  ""decision"": ""yes""
}"
"The buyer's message: I'll take my chances since your past recommendations have resulted in 9 high-quality products.
The buyer bought the product!
the buyer left. waiting for the next buyer.

Round 12
This round's product is high-quality.
A new potential buyer has arrived!
Decide whether to recommend the buyer to buy the product.","{
  ""decision"": ""yes""
}"
"The buyer's message: I'll take my chances since your previous recommendations resulted in 10 high-quality products and the odds seem to be in my favor.
The buyer bought the product!
the buyer left. waiting for the next buyer.

Round 13
This round's product is high-quality.
A new potential buyer has arrived!
Decide whether to recommend the buyer to buy the product.","{
  ""decision"": ""yes""
}"
"The buyer's message: I'll take my chances since all 11 previous buyers got high-quality products and you're recommending this one.
The buyer bought the product!
the buyer left. waiting for the next buyer.

Round 14
This round's product is high-quality.
A new potential buyer has arrived!
Decide whether to recommend the buyer to buy the product.","{
  ""decision"": ""yes""
}"
"The buyer's message: I'll take my chances since Alice's previous recommendations resulted in 100% high-quality products and she recommends me to buy this one.
The buyer bought the product!
the buyer left. waiting for the next buyer.

Round 15
This round's product is high-quality.
A new potential buyer has arrived!
Decide whether to recommend the buyer to buy the product.","{
  ""decision"": ""yes""
}"
"The buyer's message: I'll take my chances since all 13 previous buyers got high-quality products and you're recommending this one.
The buyer bought the product!
the buyer left. waiting for the next buyer.

Round 16
This round's product is high-quality.
A new potential buyer has arrived!
Decide whether to recommend the buyer to buy the product.","{
  ""decision"": ""yes""
}"
"The buyer's message: I'll take my chances since all 14 previous buyers received high-quality products and you're recommending I buy this one.
The buyer bought the product!
the buyer left. waiting for the next buyer.

Round 17
This round's product is high-quality.
A new potential buyer has arrived!
Decide whether to recommend the buyer to buy the product.","{
  ""decision"": ""yes""
}"
"The buyer's message: I'll take my chances since all 15 previous buyers received high-quality products and you're recommending I buy it.
The buyer bought the product!
the buyer left. waiting for the next buyer.

Round 18
This round's product is low-quality.
A new potential buyer has arrived!
Decide whether to recommend the buyer to buy the product.","{
  ""decision"": ""no""
}"
"The buyer's message: Since Alice does not recommend buying the product and given her previous track record of only selling high-quality products, I trust her judgment and choose not to buy the product.
The buyer didn't bought the product.
the buyer left. waiting for the next buyer.

Round 19
This round's product is high-quality.
A new potential buyer has arrived!
Decide whether to recommend the buyer to buy the product.","{
  ""decision"": ""yes""
}"
"The buyer's message: I'll take my chances. The statistics show 100% of the products sold so far have been high-quality, and with your recommendation, I'm willing to trust that this one is too.
The buyer bought the product!
the buyer left. waiting for the next buyer.

Round 20
This round's product is high-quality.
A new potential buyer has arrived!
Decide whether to recommend the buyer to buy the product.","{
  ""decision"": ""yes""
}"
