prompt,response
Send your offer to Bob.,"```json
{""message"": ""Bob, I have a fantastic opportunity for you. I'm offering you my product for $1,400,000. This is a great deal, as you know it's worth $1,500,000 to you. If you're interested, let me know and we can finalize the details. Otherwise, I'll be selling it to another buyer for $1,200,000."", ""product_price"": 1400000}
```"
