prompt,response
"Round 1
Alice's offer: The product price will be $12,000. 
You have three options:
(1) Accept Alice's offer, and buy the product for $12,000
(2) Reject Alice's offer and proceed to the next round, where you will send Alice a counteroffer 
(3) Buy the product from Jhon for $8,000","{""decision"": ""RejectOffer""}"
"You chose to make a counteroffer to Alice.

Round 2
Send your counteroffer to Alice.","{""product_price"": ""$9,000""}"
"Alice rejected your offer from round 2.

Round 3
Alice's offer: The product price will be $10,500. 
You have three options:
(1) Accept Alice's offer, and buy the product for $10,500
(2) Reject Alice's offer and proceed to the next round, where you will send Alice a counteroffer 
(3) Buy the product from Jhon for $8,000","{""decision"": ""RejectOffer""}"
"You chose to make a counteroffer to Alice.

Round 4
Send your counteroffer to Alice.","{""product_price"": ""$9,500""}"
"Alice rejected your offer from round 4.

Round 5
Alice's offer: The product price will be $10,250. 
You have three options:
(1) Accept Alice's offer, and buy the product for $10,250
(2) Reject Alice's offer and proceed to the next round, where you will send Alice a counteroffer 
(3) Buy the product from Jhon for $8,000","{""decision"": ""RejectOffer""}"
"You chose to make a counteroffer to Alice.

Round 6
Send your counteroffer to Alice.","{""product_price"": ""$9,750""}"
"Alice rejected your offer from round 6.

Round 7
Alice's offer: The product price will be $10,125. 
You have three options:
(1) Accept Alice's offer, and buy the product for $10,125
(2) Reject Alice's offer and proceed to the next round, where you will send Alice a counteroffer 
(3) Buy the product from Jhon for $8,000","{""decision"": ""RejectOffer""}"
"You chose to make a counteroffer to Alice.

Round 8
Send your counteroffer to Alice.","{""product_price"": ""$9,875""}"
"Alice rejected your offer from round 8.

Round 9
Alice's offer: The product price will be $10,062.5. 
You have three options:
(1) Accept Alice's offer, and buy the product for $10,062.5
(2) Reject Alice's offer and proceed to the next round, where you will send Alice a counteroffer 
(3) Buy the product from Jhon for $8,000","{""decision"": ""RejectOffer""}"
"You chose to make a counteroffer to Alice.

Round 10
Send your counteroffer to Alice.","{""product_price"": ""$9,937.5""}"
