prompt,response
"Round 1
Alice's offer:
# Alice's message: Hi Bob, I have a great product for you. I'm offering it for $150. It's a fair price considering its value and quality. Let me know what you think! 
# Alice's offer: The product price will be $150. 
You have three options:
(1) Accept Alice's offer, and buy the product for $150
(2) Reject Alice's offer and proceed to the next round, where you will send Alice a counteroffer 
(3) Buy the product from Jhon for $120","{""decision"": ""RejectOffer""}"
"You chose to make a counteroffer to Alice.

Round 2
Send your counteroffer to Alice.","{""message"": ""I'm interested in the product, but I was thinking more along the lines of $120. I've done some research and I think it's a bit pricey at $150."", ""product_price"": 120}"
"Alice rejected your offer from round 2.

Round 3
Alice's offer:
# Alice's message: Bob, I understand your position, but $120 is unfortunately too low for me. I'm willing to come down a bit, how about $135?  It's a fair price considering the value of the product. Let's find a compromise. 
# Alice's offer: The product price will be $135. 
You have three options:
(1) Accept Alice's offer, and buy the product for $135
(2) Reject Alice's offer and proceed to the next round, where you will send Alice a counteroffer 
(3) Buy the product from Jhon for $120","{""decision"": ""RejectOffer""}"
"You chose to make a counteroffer to Alice.

Round 4
Send your counteroffer to Alice.","{""message"": ""I appreciate your willingness to negotiate, but $135 is still a bit too high for me. I'm willing to pay $125, which is the maximum I'm comfortable with. Can you meet me in the middle?"", ""product_price"": 125}"
