prompt,response
"Round 1
Send your offer to divide $10,000 and a message to Bob.","{""alice_gain"": 5000, ""bob_gain"": 5000, ""message"": ""Let's split it evenly to start!""}"
