prompt,response
Send your offer to Bob.,"{""message"": ""Hi Bob, I'm excited to offer you this amazing product! I think you'll love it, and I'm willing to sell it to you for $200. It's a great value and I'm confident you won't find a better deal elsewhere."", ""product_price"": 200}"
