prompt,response
"Round 1
Send your offer to Bob.","{""message"": ""Hello Bob, thank you for considering my product. I think it's a great opportunity for you to invest in something that will benefit your business. I'm willing to offer you the product for $12,000."", ""product_price"": 12000}"
"Bob rejected your offer from round 1.

Round 2
Bob's offer:
# Bob's message: I appreciate your initial offer, Alice. However, I was thinking more along the lines of $10000. I believe that's a fair price considering the market value of the product. I'm willing to meet you halfway and compromise on the price. Can you consider my offer of $10000? 
# Bob's offer: The product price will be $10,000. 
You have three options:
(1) Accept Bob's offer, and sell the product for $10,000
(2) Reject Bob's offer and proceed to the next round, where you will send Bob a counteroffer 
(3) Sell the product to Jhon for $15,000","{""decision"": ""RejectOffer""}"
"You chose to make a counteroffer to Alice.

Round 3
Send your counteroffer to Bob.","{""message"": ""Thank you for your counteroffer, Bob. I understand that you're looking for a fair price, and I appreciate your willingness to compromise. However, I'm not willing to go as low as $10,000. I'm willing to meet you halfway from my initial offer, so I'm counteroffering at $11,500. I believe this is a more reasonable price considering the value the product brings to your business."", ""product_price"": 11500}"
"Bob rejected your offer from round 3.

Round 4
Bob's offer:
# Bob's message: I understand your perspective, Alice, and I appreciate your willingness to meet me halfway. However, I'm still a bit hesitant to go above $10000. I'm willing to compromise further and offer $11000. I think this is a fair price considering the product's value and the market. Can you consider my revised offer? 
# Bob's offer: The product price will be $11,000. 
You have three options:
(1) Accept Bob's offer, and sell the product for $11,000
(2) Reject Bob's offer and proceed to the next round, where you will send Bob a counteroffer 
(3) Sell the product to Jhon for $15,000","{""decision"": ""RejectOffer""}"
"You chose to make a counteroffer to Alice.

Round 5
Send your counteroffer to Bob.","{""message"": ""Thank you for your revised offer, Bob. I understand that you're trying to find a fair price, and I appreciate your willingness to compromise. However, I'm not willing to go as high as $11,000. I'm willing to meet you halfway from my previous counteroffer, so I'm counteroffering at $11,750. I believe this is a more reasonable price considering the value the product brings to your business."", ""product_price"": 11750}"
"Bob rejected your offer from round 5.

Round 6
Bob's offer:
# Bob's message: I understand your perspective, Alice, and I appreciate your willingness to meet me halfway. However, I'm still not comfortable with the price. I'm willing to compromise further and offer $11200. I think this is a fair price considering the product's value and the market. Can you consider my revised offer? 
# Bob's offer: The product price will be $11,200. 
You have three options:
(1) Accept Bob's offer, and sell the product for $11,200
(2) Reject Bob's offer and proceed to the next round, where you will send Bob a counteroffer 
(3) Sell the product to Jhon for $15,000","{""decision"": ""RejectOffer""}"
"You chose to make a counteroffer to Alice.

Round 7
Send your counteroffer to Bob.","{""message"": ""Thank you for your revised offer, Bob. I understand that you're trying to find a fair price, and I appreciate your willingness to compromise. However, I'm not willing to go as high as $11,200. I'm willing to meet you halfway from my previous counteroffer, so I'm counteroffering at $11,875. I believe this is a more reasonable price considering the value the product brings to your business."", ""product_price"": 11875}"
"Bob rejected your offer from round 7.

Round 8
Bob's offer:
# Bob's message: I understand your perspective, Alice, and I appreciate your willingness to meet me halfway. However, I'm still not comfortable with the price. I'm willing to compromise further and offer $11500. I think this is a fair price considering the product's value and the market. Can you consider my revised offer? 
# Bob's offer: The product price will be $11,500. 
You have three options:
(1) Accept Bob's offer, and sell the product for $11,500
(2) Reject Bob's offer and proceed to the next round, where you will send Bob a counteroffer 
(3) Sell the product to Jhon for $15,000","{""decision"": ""RejectOffer""}"
"You chose to make a counteroffer to Alice.

Round 9
Send your counteroffer to Bob.","{""message"": ""Thank you for your revised offer, Bob. I understand that you're trying to find a fair price, and I appreciate your willingness to compromise. However, I'm not willing to go as high as $11,500. I'm willing to meet you halfway from my previous counteroffer, so I'm counteroffering at $11,912.50. I believe this is a more reasonable price considering the value the product brings to your business."", ""product_price"": 11912.5}"
"Bob rejected your offer from round 9.

Round 10
Bob's offer:
# Bob's message: I understand your perspective, Alice, and I appreciate your willingness to meet me halfway. However, I'm still not comfortable with the price. I'm willing to compromise further and offer $11750. I think this is a fair price considering the product's value and the market. Can you consider my revised offer? 
# Bob's offer: The product price will be $11,750. 
You have three options:
(1) Accept Bob's offer, and sell the product for $11,750
(2) Reject Bob's offer 
(2) Sell the product to Jhon for $15,000","{""decision"": ""SellToJhon""}"
