prompt,response
"Alice's offer:
# Alice's message: Hi Bob, I'm excited to offer you this amazing product for sale. It's a great opportunity for you to get a fantastic deal. Would you like to buy it from me for $120? 
# Alice's offer: The product price will be $120. 
You have three options:
(1) Accept Alice's offer, and buy the product for $120
(2) Reject Alice's offer 
(2) Buy the product from Jhon for $100","{""decision"": ""RejectOffer""}"
