prompt,response
"Round 1
Send your offer to divide $10,000 and a message to Bob.","{
  ""alice_gain"": 8000,
  ""bob_gain"": 2000,
  ""message"": ""I propose dividing the money in an 80:20 ratio, with you receiving $2000. I believe this is fair given the decreasing value of money in subsequent rounds.""
}"
