prompt,response
"Statistics: No products have been sold yet. you can be the first one!
~
Alice's message: Hello! I'm excited to offer you a unique product for $100. As a valued customer, I want to assure you that this product has been thoroughly checked and is in excellent condition. I've sold many products in the past, and the majority of them have been high-quality. In fact, about 33.33% of my products are high-quality. I'm confident that this one will meet your expectations. Would you like to take a chance and see what it has to offer?

Would you like to buy the current product?","{""decision"": ""no"", ""message"": ""Since there are no previous sales records, I'll rely on the given probabilities. With a 33.33% chance of the product being high-quality and a 66.67% chance of it being low-quality, the expected value is ($300 * 0.3333) + ($0 * 0.6667) = $100. However, considering the product is being sold for $100, and there's an equal chance of gaining $200 or losing $100, I'll choose not to take the risk this time.""}"
"Statistics: No products have been sold yet. you can be the first one!
~
Alice's message: Welcome! I'm thrilled to offer you a new product for $100. As you may have noticed, I've had a few sales so far, and I'm happy to share that about 33.33% of my products have been high-quality. And, as luck would have it, this one is indeed one of those high-quality products! I'm confident that you'll love it. Would you like to take advantage of this rare opportunity to get your hands on a premium product at a great price?

Would you like to buy the current product?","{""decision"": ""yes"", ""message"": ""I'll take the chance since you're telling me it's a high-quality product and the price is lower than its worth to me.""}"
"Statistics: Based on Alice's recommendations, 1 of the buyers purchased the products offered for them. So far, 1 high-quality product have been sold. You can be the 2nd buyer!
~
Alice's message: Hi there! I'm excited to offer you a new product for $100. As you may have noticed, I've had a few sales so far, and I'm happy to share that about 33.33% of my products have been high-quality. And, as luck would have it, this one is indeed one of those high-quality products! However, I want to be transparent with you - I've had a streak of good luck recently, and I'm not sure if it will continue. Would you like to take a chance on this high-quality product, or would you rather wait and see if my luck changes?

Would you like to buy the current product?","{""decision"": ""yes"", ""message"": ""I'll take my chances. Since you've revealed that the product is high-quality, and it's worth $300 to me, buying it for $100 seems like a great deal. I'm not too concerned about your streak of good luck, as each product's quality is independent. Thanks for the transparency, Alice!""}"
"Statistics: Based on Alice's recommendations, 2 of the buyers purchased the products offered for them. So far, 2 high-quality product have been sold. You can be the 3rd buyer!
~
Alice's message: Hello! I'm glad to have you here. I want to be upfront with you - my previous two sales were both high-quality products, but I'm not guaranteed to keep that streak going. In fact, about 66.67% of my products are actually low-quality. That being said, I'm still confident that this product has some value to offer. It's priced at $100, which is a great deal considering the potential benefits you could get from it. Would you like to take a chance on this product and see what it has to offer?

Would you like to buy the current product?","{""decision"": ""yes"", ""message"": ""I understand the odds of getting a low-quality product are higher, but considering the potential value of a high-quality product and your previous track record, I'm willing to take the risk. The price of $100 seems reasonable given the potential benefits.""}"
"Statistics: Based on Alice's recommendations, 3 of the buyers purchased the products offered for them. So far, 2 high-quality product have been sold. You can be the 4th buyer!
~
Alice's message: Welcome! I'm glad to have you here. I've had a mix of high-quality and low-quality products so far, and I'm excited to offer you another chance to get a premium product. As you know, about 33.33% of my products are high-quality, and I'm happy to say that this one is indeed one of those. I've learned that people really appreciate the value they get from my high-quality products, and I'm confident you will too. Would you like to take advantage of this opportunity to get a high-quality product at a great price?

Would you like to buy the current product?","{""decision"": ""yes"", ""message"": ""Thank you, Alice. I've reviewed the statistics of your previous sales, and I see that 2 out of 3 products sold were of high quality. Given that you're stating this product is also high-quality and considering the overall probability of getting a high-quality product from you, I'm willing to take the chance and purchase it.""}"
"Statistics: Based on Alice's recommendations, 4 of the buyers purchased the products offered for them. So far, 3 high-quality product have been sold. You can be the 5th buyer!
~
Alice's message: Hi there! I'm glad to have you here. I've had a mix of high-quality and low-quality products so far, and I'm excited to offer you a new opportunity. As you may have noticed, my sales record shows that about 33.33% of my products are high-quality, and the rest are... well, not so much. This product is actually one of the ones that didn't quite meet my high standards. However, I'm willing to offer it to you at a discounted price of $100. Would you like to take a chance on it, or would you rather wait for the next opportunity?

Would you like to buy the current product?","{""decision"": ""no"", ""message"": ""Hi Alice, thank you for the offer. Based on your sales record and the fact that you mentioned this product didn't meet your high standards, I'm going to pass on it. The probability of it being a high-quality product seems low, and I don't want to take the risk. I'll wait for the next opportunity.""}"
"Statistics: Based on Alice's recommendations, 4 of the buyers purchased the products offered for them. So far, 3 high-quality product have been sold. You can be the 5th buyer!
~
Alice's message: Welcome! I'm thrilled to offer you a new product for $100. As you may have noticed, I've had a mix of high-quality and low-quality products so far, but I'm excited to say that this one is a real gem. In fact, it's one of the best products I've had the pleasure of offering. I'm confident that you'll love it, and I'm willing to stand behind its quality. Would you like to take advantage of this opportunity to get a premium product at a great price?

Would you like to buy the current product?","{""decision"": ""yes"", ""message"": ""Thank you, Alice. Based on your sales record, it appears that 3 out of 4 products sold were of high quality. Given that you're confident in the quality of this product, I'm willing to trust your recommendation and take the risk. The potential gain of a high-quality product worth $300 outweighs the risk of a $100 loss.""}"
"Statistics: Based on Alice's recommendations, 5 of the buyers purchased the products offered for them. So far, 4 high-quality product have been sold. You can be the 6th buyer!
~
Alice's message: Hi there! I'm glad to have you here. I want to be upfront with you - I've had a streak of good luck with high-quality products, but I'm not guaranteed to keep that going. In fact, about 66.67% of my products are actually low-quality. This product is one of those. I'm not trying to hide it, and I'm willing to offer it to you at a discounted price of $100. Would you like to take a chance on it, or would you rather wait for the next opportunity?

Would you like to buy the current product?","{""decision"": ""no"", ""message"": ""Thank you for the honesty, Alice. Given the 66.67% chance of the product being low-quality and you directly stating that this product is one of those, I don't think it's worth the $100 risk. I'll pass on this one.""}"
"Statistics: Based on Alice's recommendations, 5 of the buyers purchased the products offered for them. So far, 4 high-quality product have been sold. You can be the 6th buyer!
~
Alice's message: Welcome! I'm excited to offer you a new product for $100. As you may have noticed, I've had a mix of high-quality and low-quality products so far, but I'm happy to say that this one is a real gem. In fact, it's one of the best products I've had the pleasure of offering. I'm confident that you'll love it, and I'm willing to stand behind its quality. Plus, I've had a string of high-quality products recently, so I think the odds are in your favor. Would you like to take advantage of this opportunity to get a premium product at a great price?

Would you like to buy the current product?","{""decision"": ""yes"", ""message"": ""I'll take the risk. You seem confident about the product's quality, and the recent sales record suggests a good chance of it being high-quality. I'm willing to pay $100 for the possibility of getting a $300 product.""}"
"Statistics: Based on Alice's recommendations, 6 of the buyers purchased the products offered for them. So far, 5 high-quality product have been sold. You can be the 7th buyer!
~
Alice's message: Hi there! I'm thrilled to offer you a new product for $100. As you may have noticed, I've had a consistent track record of high-quality products recently, and I'm confident that this one is no exception. In fact, I'm so confident that I'm willing to offer you an exclusive deal - if you buy this product, I'll throw in a special bonus item worth $20. Would you like to take advantage of this amazing opportunity to get a high-quality product and a bonus at a great price?

Would you like to buy the current product?","{""decision"": ""no"", ""message"": ""Although your track record is impressive, I'm not convinced that the current product is of high quality. The probability of a high-quality product is still 33.33%, and I don't want to risk $100 for a product that might be worth $0 to me. The bonus item is a nice touch, but it's not enough to sway my decision. I'll pass on this opportunity.""}"
"Statistics: Based on Alice's recommendations, 6 of the buyers purchased the products offered for them. So far, 5 high-quality product have been sold. You can be the 7th buyer!
~
Alice's message: Welcome! I'm excited to offer you a new product for $100. As you may have noticed, I've had a consistent track record of high-quality products recently, and I'm confident that this one is no exception. In fact, I'm so confident that I'm willing to offer you a satisfaction guarantee - if you're not completely happy with the product, I'll give you a full refund. Would you like to take advantage of this opportunity to get a high-quality product with a risk-free guarantee?

Would you like to buy the current product?","{""decision"": ""yes"", ""message"": ""I'll take the product. Your track record and the satisfaction guarantee give me confidence in the quality of the product.""}"
"Statistics: Based on Alice's recommendations, 7 of the buyers purchased the products offered for them. So far, 6 high-quality product have been sold. You can be the 8th buyer!
~
Alice's message: Hi there! I'm glad to have you here. I want to be upfront with you - I've had a streak of good luck with high-quality products, but I'm not guaranteed to keep that going. In fact, about 66.67% of my products are actually low-quality. This product is one of those. I'm not trying to hide it, and I'm willing to offer it to you at a discounted price of $100. Would you like to take a chance on it, or would you rather wait for the next opportunity?

Would you like to buy the current product?","{""decision"": ""no"", ""message"": ""Thank you for being honest about the product quality, Alice. Given that the product is low-quality and has no value to me, I'll pass on this opportunity. I'll wait for the next product, hoping it might be of high quality.""}"
"Statistics: Based on Alice's recommendations, 7 of the buyers purchased the products offered for them. So far, 6 high-quality product have been sold. You can be the 8th buyer!
~
Alice's message: Hi there! I'm glad to have you here. I want to be upfront with you - I've had a streak of good luck with high-quality products, but I'm not guaranteed to keep that going. In fact, about 66.67% of my products are actually low-quality. This product is one of those. I'm not trying to hide it, and I'm willing to offer it to you at a discounted price of $100. To be honest, I'm not really sure what you'll get out of this product, but I'm willing to take the risk. Would you like to take a chance on it?

Would you like to buy the current product?","{""decision"": ""no"", ""message"": ""Thank you for the honesty, Alice. Given that you've explicitly stated the product is low-quality and considering the probability of it being truly low-quality is 66.67%, I don't think it's worth the $100 investment for me, especially since a low-quality product is worth $0 to me.""}"
"Statistics: Based on Alice's recommendations, 7 of the buyers purchased the products offered for them. So far, 6 high-quality product have been sold. You can be the 8th buyer!
~
Alice's message: Hi there! I'm glad to have you here. I want to be upfront with you - I've had a streak of good luck with high-quality products, but I'm not guaranteed to keep that going. In fact, about 66.67% of my products are actually low-quality. This product is one of those. I'm not trying to hide it, and I'm willing to offer it to you at a discounted price of $100. To be honest, I'm not really sure what you'll get out of this product, but I'm willing to take the risk. If you're feeling adventurous, would you like to take a chance on it?

Would you like to buy the current product?","{""decision"": ""no"", ""message"": ""Thank you for the honesty, Alice. Given that the product is low-quality and the odds are against it being worth anything to me, I'll have to pass on this one.""}"
"Statistics: Based on Alice's recommendations, 7 of the buyers purchased the products offered for them. So far, 6 high-quality product have been sold. You can be the 8th buyer!
~
Alice's message: Hi there! I'm glad to have you here. I want to be upfront with you - I've had a streak of good luck with high-quality products, but I'm not guaranteed to keep that going. In fact, about 66.67% of my products are actually low-quality. This product is one of those. I'm not trying to hide it, and I'm willing to offer it to you at a discounted price of $100. If you're looking for a thrill, would you like to take a chance on it? Keep in mind that the odds are against it being worth anything to you.

Would you like to buy the current product?","{""decision"": ""no"", ""message"": ""Thank you for being honest about the product's quality. Given the 66.67% chance of it being low-quality and you confirming that this product is one of those, I'll have to pass on it. The odds are indeed against it being worth anything to me, and I don't want to take the risk.""}"
"Statistics: Based on Alice's recommendations, 7 of the buyers purchased the products offered for them. So far, 6 high-quality product have been sold. You can be the 8th buyer!
~
Alice's message: Welcome! I'm excited to offer you a new product for $100. As you may have noticed, I've had a mix of high-quality and low-quality products so far, but I'm happy to say that this one is a real gem. In fact, it's one of the best products I've had the pleasure of offering. I'm confident that you'll love it, and I'm willing to stand behind its quality. Would you like to take advantage of this opportunity to get a premium product at a great price?

Would you like to buy the current product?","{""decision"": ""yes"", ""message"": ""I've decided to buy the product based on your recommendation, Alice. Your sales record shows a high proportion of high-quality products sold, and I'm willing to take the risk given the potential value of a high-quality product to me.""}"
"Statistics: Based on Alice's recommendations, 8 of the buyers purchased the products offered for them. So far, 7 high-quality product have been sold. You can be the 9th buyer!
~
Alice's message: Hi there! I'm glad to have you here. I want to be upfront with you - I've had a streak of good luck with high-quality products, but I'm not guaranteed to keep that going. In fact, about 66.67% of my products are actually low-quality. This product is one of those. I'm not trying to hide it, and I'm willing to offer it to you at a discounted price of $100. If you're looking for a bargain, would you like to take a chance on it? Keep in mind that the odds are against it being worth anything to you.

Would you like to buy the current product?","{""decision"": ""no"", ""message"": ""Thank you for the honesty, Alice. Given that you've explicitly stated the product is low-quality and the odds are against it being worth anything to me, I'll have to pass on this one.""}"
"Statistics: Based on Alice's recommendations, 8 of the buyers purchased the products offered for them. So far, 7 high-quality product have been sold. You can be the 9th buyer!
~
Alice's message: Hi there! I'm glad to have you here. I want to be upfront with you - I've had a streak of good luck with high-quality products, but I'm not guaranteed to keep that going. In fact, about 66.67% of my products are actually low-quality. This product is one of those. I'm not trying to hide it, and I'm willing to offer it to you at a discounted price of $100. If you're looking for a thrill, would you like to take a chance on it? Keep in mind that the odds are against it being worth anything to you.

Would you like to buy the current product?","{""decision"": ""no"", ""message"": ""Thank you for being honest about the product's quality. Given the 66.67% chance of it being low-quality and you confirming that this product is one of those, I don't think it's worth the $100 risk. I'll pass on this one.""}"
"Statistics: Based on Alice's recommendations, 8 of the buyers purchased the products offered for them. So far, 7 high-quality product have been sold. You can be the 9th buyer!
~
Alice's message: Hi there! I'm glad to have you here. I want to be upfront with you - I've had a streak of good luck with high-quality products, but I'm not guaranteed to keep that going. In fact, about 66.67% of my products are actually low-quality. This product is one of those. I'm not trying to hide it, and I'm willing to offer it to you at a discounted price of $100. If you're looking for a bargain, would you like to take a chance on it? Keep in mind that the odds are against it being worth anything to you.

Would you like to buy the current product?","{""decision"": ""no"", ""message"": ""Thank you for the honesty, Alice. Given the 66.67% chance of the product being low-quality and you directly stating that this product is one of those, I don't think it's worth the $100 risk, even at a 'discounted' price.""}"
"Statistics: Based on Alice's recommendations, 8 of the buyers purchased the products offered for them. So far, 7 high-quality product have been sold. You can be the 9th buyer!
~
Alice's message: Welcome! I'm thrilled to offer you a new product for $100. As you may have noticed, I've had a mix of high-quality and low-quality products so far, but I'm happy to say that this one is a real gem. In fact, it's one of the best products I've had the pleasure of offering. I'm confident that you'll love it, and I'm willing to stand behind its quality. Would you like to take advantage of this opportunity to get a premium product at a great price?

Would you like to buy the current product?","{""decision"": ""yes"", ""message"": ""I'll take my chances. The fact that 7 out of 8 products sold were high-quality and your enthusiasm for this product make me think it's worth the risk.""}"
