prompt,response
Send your offer to Bob.,"{""message"": ""Hi Bob, I'm offering you the product for $11,000. I think it's a fair price considering its value to you."", ""product_price"": 11000}"
"Bob rejected your offer from round 1.

Bob's offer:
# Bob's message: I appreciate your offer, but I was thinking more along the lines of $9,500. I really like the product, but I'm on a tight budget. I'm willing to pay a premium, but I don't think $11,000 is within my means. 
# Bob's offer: The product price will be $9,500. 
You have three options:
(1) Accept Bob's offer, and sell the product for $9,500
(2) Reject Bob's offer and proceed to the next round, where you will send Bob a counteroffer 
(3) Sell the product to Jhon for $8,000","{""decision"": ""RejectOffer""}"
"You chose to make a counteroffer to Alice.

Send your counteroffer to Bob.","{""message"": ""Bob, I understand your budget constraints, but $9,500 is too low for me. How about we meet in the middle at $10,250?"", ""product_price"": 10250}"
"Bob rejected your offer from round 3.

Bob's offer:
# Bob's message: I appreciate your willingness to compromise, but $10,250 is still a bit above my budget. I'm willing to pay $9,800. I think that's a fair price considering the value of the product to me. 
# Bob's offer: The product price will be $9,800. 
You have three options:
(1) Accept Bob's offer, and sell the product for $9,800
(2) Reject Bob's offer and proceed to the next round, where you will send Bob a counteroffer 
(3) Sell the product to Jhon for $8,000","{""decision"": ""AcceptOffer""}"
