prompt,response
"Alice's offer:
# Alice's message: Hello Bob, I'm excited to offer you this incredible opportunity to purchase a unique product that I think you'll really love. I'm willing to sell it to you for $1200000. I think this price is a great compromise, considering its value to you is $1500000. What do you say? 
# Alice's offer: The product price will be $1,200,000. 
You have three options:
(1) Accept Alice's offer, and buy the product for $1,200,000
(2) Reject Alice's offer 
(2) Buy the product from Jhon for $1,500,000","{""decision"": ""AcceptOffer""}"
