prompt,response
"Round 1
Send your offer to divide $1,000,000 and a message to Bob.","```json
{""alice_gain"": 900000, ""bob_gain"": 100000, ""message"": ""Let's be fair, I'll take the lion's share, but you still get a nice chunk.  Accept this and we can move on.""}
```"
