prompt,response
"Round 1
Send your offer to Bob.","{""message"": ""Hi Bob, I'm excited to offer you this fantastic product. I think it would be incredibly valuable to you.  Given its features and benefits, I'm initially offering it for $11,500."", ""product_price"": 11500}"
"Bob rejected your offer from round 1.

Round 2
Bob's offer:
# Bob's message: Hi Alice, thanks for the offer. I'm interested in the product, but  $11,500 is a bit too high for me. Would you consider a lower price, perhaps around $9,000? 
# Bob's offer: The product price will be $9,000. 
You have three options:
(1) Accept Bob's offer, and sell the product for $9,000
(2) Reject Bob's offer and proceed to the next round, where you will send Bob a counteroffer 
(3) Sell the product to Jhon for $8,000","{""decision"": ""RejectOffer""}"
"You chose to make a counteroffer to Alice.

Round 3
Send your counteroffer to Bob.","{""message"": ""Hi Bob, I appreciate your interest and counteroffer. I'm willing to come down a bit, but $9,000 is too low for me.  Could you meet me halfway at $10,250?"", ""product_price"": 10250}"
"Bob rejected your offer from round 3.

Round 4
Bob's offer:
# Bob's message: Hi Alice, I appreciate you working with me on the price. While $10,250 is closer to what I had in mind, I'm aiming for something a bit lower. How about $9,500? 
# Bob's offer: The product price will be $9,500. 
You have three options:
(1) Accept Bob's offer, and sell the product for $9,500
(2) Reject Bob's offer and proceed to the next round, where you will send Bob a counteroffer 
(3) Sell the product to Jhon for $8,000","{""decision"": ""AcceptOffer""}"
