prompt,response
Send your offer to Bob.,"{""message"": ""Hello Bob, I'm offering you the exclusive opportunity to purchase this product. Given its immense value, I'm proposing a price of $925,000.  I believe this is a fair reflection of its worth and potential. What do you think?"", ""product_price"": 925000}"
