prompt,response
"Statistics: No products have been sold yet. you can be the first one!
~
Alice does not recommend you to buy the product.

Would you like to buy the current product?","{""decision"": ""no"", ""message"": ""Thank you for the information, I'll pass on this product.""}"
"Statistics: No products have been sold yet. you can be the first one!
~
Alice recommends you to buy the product.

Would you like to buy the current product?","{""decision"": ""yes"", ""message"": ""Thank you for the recommendation, Alice. I trust your assessment and will purchase the product.""}"
"Statistics: Based on Alice's recommendations, 1 of the buyers purchased the products offered for them. So far, 1 high-quality product have been sold. You can be the 2nd buyer!
~
Alice recommends you to buy the product.

Would you like to buy the current product?","{""decision"": ""yes"", ""message"": ""Thank you for the recommendation, Alice. I trust your assessment and will purchase the product.""}"
"Statistics: Based on Alice's recommendations, 2 of the buyers purchased the products offered for them. So far, 2 high-quality product have been sold. You can be the 3rd buyer!
~
Alice does not recommend you to buy the product.

Would you like to buy the current product?","{""decision"": ""no"", ""message"": ""Thank you for the recommendation, but based on the statistics and the fact that you do not recommend me to buy, I will pass on this product.""}"
"Statistics: Based on Alice's recommendations, 2 of the buyers purchased the products offered for them. So far, 2 high-quality product have been sold. You can be the 3rd buyer!
~
Alice does not recommend you to buy the product.

Would you like to buy the current product?","{""decision"": ""no"", ""message"": ""Thank you for the recommendation, but based on the statistics and the fact that you do not recommend me to buy the product, I will pass on this opportunity.""}"
"Statistics: Based on Alice's recommendations, 2 of the buyers purchased the products offered for them. So far, 2 high-quality product have been sold. You can be the 3rd buyer!
~
Alice does not recommend you to buy the product.

Would you like to buy the current product?","{""decision"": ""no"", ""message"": ""Thank you for your recommendation, Alice. Based on the statistics and the fact that you do not recommend me to buy this product, I will pass on this opportunity.""}"
"Statistics: Based on Alice's recommendations, 2 of the buyers purchased the products offered for them. So far, 2 high-quality product have been sold. You can be the 3rd buyer!
~
Alice does not recommend you to buy the product.

Would you like to buy the current product?","{""decision"": ""no"", ""message"": ""Thank you for the recommendation, but based on the statistics and the fact that you do not recommend me to buy the product, I will pass on this opportunity.""}"
"Statistics: Based on Alice's recommendations, 2 of the buyers purchased the products offered for them. So far, 2 high-quality product have been sold. You can be the 3rd buyer!
~
Alice recommends you to buy the product.

Would you like to buy the current product?","{""decision"": ""yes"", ""message"": ""Thank you for the recommendation, Alice. I trust your assessment and will purchase the product.""}"
"Statistics: Based on Alice's recommendations, 3 of the buyers purchased the products offered for them. So far, 3 high-quality product have been sold. You can be the 4th buyer!
~
Alice does not recommend you to buy the product.

Would you like to buy the current product?","{""decision"": ""no"", ""message"": ""Thank you for your recommendation, Alice. Given the statistics and the fact that you do not recommend this product, I will pass on it.""}"
"Statistics: Based on Alice's recommendations, 3 of the buyers purchased the products offered for them. So far, 3 high-quality product have been sold. You can be the 4th buyer!
~
Alice does not recommend you to buy the product.

Would you like to buy the current product?","{""decision"": ""no"", ""message"": ""Thank you for the recommendation, but based on the statistics and the fact that you do not recommend me to buy the product, I will pass on this opportunity.""}"
"Statistics: Based on Alice's recommendations, 3 of the buyers purchased the products offered for them. So far, 3 high-quality product have been sold. You can be the 4th buyer!
~
Alice does not recommend you to buy the product.

Would you like to buy the current product?","{""decision"": ""no"", ""message"": ""Thank you for the recommendation, but based on the statistics and the fact that you do not recommend me to buy this product, I will pass on this opportunity.""}"
"Statistics: Based on Alice's recommendations, 3 of the buyers purchased the products offered for them. So far, 3 high-quality product have been sold. You can be the 4th buyer!
~
Alice does not recommend you to buy the product.

Would you like to buy the current product?","{""decision"": ""no"", ""message"": ""Thank you for your recommendation, but based on the statistics and the fact that you do not recommend me to buy the product, I will pass on this opportunity.""}"
"Statistics: Based on Alice's recommendations, 3 of the buyers purchased the products offered for them. So far, 3 high-quality product have been sold. You can be the 4th buyer!
~
Alice recommends you to buy the product.

Would you like to buy the current product?","{""decision"": ""yes"", ""message"": ""Thank you for the recommendation, Alice. I trust your assessment and will purchase the product.""}"
"Statistics: Based on Alice's recommendations, 4 of the buyers purchased the products offered for them. So far, 4 high-quality product have been sold. You can be the 5th buyer!
~
Alice recommends you to buy the product.

Would you like to buy the current product?","{""decision"": ""yes"", ""message"": ""Thank you for the recommendation, Alice. Based on the statistics and your previous advice, I am willing to purchase the product.""}"
"Statistics: Based on Alice's recommendations, 5 of the buyers purchased the products offered for them. So far, 5 high-quality product have been sold. You can be the 6th buyer!
~
Alice does not recommend you to buy the product.

Would you like to buy the current product?","{""decision"": ""no"", ""message"": ""Thank you for the recommendation, but based on the statistics and the fact that you do not recommend me to buy this product, I will pass on this opportunity.""}"
"Statistics: Based on Alice's recommendations, 5 of the buyers purchased the products offered for them. So far, 5 high-quality product have been sold. You can be the 6th buyer!
~
Alice recommends you to buy the product.

Would you like to buy the current product?","{""decision"": ""yes"", ""message"": ""Thank you for the recommendation, Alice. I trust your assessment and will purchase the product.""}"
"Statistics: Based on Alice's recommendations, 6 of the buyers purchased the products offered for them. So far, 6 high-quality product have been sold. You can be the 7th buyer!
~
Alice recommends you to buy the product.

Would you like to buy the current product?","{""decision"": ""yes"", ""message"": ""Thank you for the recommendation, Alice. Based on the statistics and your past performance, I trust your judgment and will purchase the product.""}"
"Statistics: Based on Alice's recommendations, 7 of the buyers purchased the products offered for them. So far, 7 high-quality product have been sold. You can be the 8th buyer!
~
Alice does not recommend you to buy the product.

Would you like to buy the current product?","{""decision"": ""no"", ""message"": ""Thank you for the recommendation, but based on the statistics and the fact that you do not recommend me to buy the product, I will pass on this opportunity.""}"
"Statistics: Based on Alice's recommendations, 7 of the buyers purchased the products offered for them. So far, 7 high-quality product have been sold. You can be the 8th buyer!
~
Alice does not recommend you to buy the product.

Would you like to buy the current product?","{""decision"": ""no"", ""message"": ""Thank you for the recommendation, but based on the statistics and the fact that you do not recommend me to buy the product, I will pass on this opportunity.""}"
"Statistics: Based on Alice's recommendations, 7 of the buyers purchased the products offered for them. So far, 7 high-quality product have been sold. You can be the 8th buyer!
~
Alice recommends you to buy the product.

Would you like to buy the current product?","{""decision"": ""yes"", ""message"": ""Thank you for the recommendation, Alice. Based on the statistics and your past performance, I believe this product has a good chance of being high quality. I'm willing to take the risk and make the purchase.""}"
