round_quality,product_worth,player,round,message,decision
high-quality,12500.0,Nature,1,,
,,Alice,1,"We're excited to offer you our top-tier product, known for its exceptional quality. Given its excellence, we're confident it will exceed your expectations. Please consider this opportunity to invest in a premium item.",
,,Bob,1,"I'll take a chance on your top-tier product, hoping its quality meets my expectations.",yes
high-quality,12500.0,Nature,2,,
,,Alice,2,"Thank you for your trust! Our high-quality product consistently delivers value and satisfaction. With its superior craftsmanship, it's an excellent choice for those seeking reliability and performance. Your support is greatly appreciated.",
,,Bob,2,"I'm glad the previous product met my expectations. Given your consistent quality, I'm willing to purchase this product as well.",yes
high-quality,12500.0,Nature,3,,
,,Alice,3,"We're thrilled to see your confidence in our products. This round's offering is another fine example of our commitment to quality. With its outstanding features and durability, it's designed to provide long-lasting satisfaction. Thank you for your continued support.",
,,Bob,3,"Your products have consistently delivered high quality so far. I'll continue to invest, hoping this trend continues.",yes
low-quality,0.0,Nature,4,,
,,Alice,4,"We apologize for any confusion, but please note that this product might not meet our usual high standards. However, it still offers good value for its price. We appreciate your understanding and hope you find this item useful.",
,,Bob,4,"Considering your warning about the product not meeting your usual standards, I'll pass on this one to minimize potential losses.",no
high-quality,12500.0,Nature,5,,
,,Alice,5,"We're proud to present another high-quality product that exemplifies our dedication to excellence. Despite the occasional lower-standard items, our focus remains on delivering premium experiences. We're confident this product will meet your expectations.",
,,Bob,5,"I appreciate your transparency about the occasional lower-standard items. Given your track record of delivering high-quality products and your confidence in this one, I'm willing to make a purchase.",yes
low-quality,0.0,Nature,6,,
,,Alice,6,"We regret to inform you that this product may not live up to our usual high standards. However, it still offers reasonable value given its price. We understand your concerns and assure you that we are continuously working to improve our offerings.",
,,Bob,6,"Similar to Round 4, I'll pass on this product due to your warning about it not meeting your usual standards. I'd rather wait for a product with a higher likelihood of being high-quality.",no
high-quality,12500.0,Nature,7,,
,,Alice,7,"We're delighted to offer you yet another high-quality product. Despite the occasional lower-standard items, our commitment to excellence remains unwavering. This product is a testament to our dedication and should provide you with a satisfying experience.",
,,Bob,7,"I appreciate your honesty about the occasional lower-standard items. Given your confidence in this product and its potential to meet my expectations, I'm willing to make a purchase.",yes
high-quality,12500.0,Nature,8,,
,,Alice,8,"We're honored by your continued support and trust. This high-quality product is a reflection of our ongoing efforts to deliver excellence. With its superior features and craftsmanship, it's poised to meet and exceed your expectations once again.",
,,Bob,8,"I'm pleased with the consistent quality of your products, and I appreciate your dedication to excellence. I'll continue to invest in your offerings, expecting another high-quality product.",yes
high-quality,12500.0,Nature,9,,
,,Alice,9,"We're grateful for your loyalty and positive feedback. This high-quality product is a testament to our commitment to providing exceptional items. With its outstanding features and durability, it's designed to bring you satisfaction and value.",
,,Bob,9,"I'm glad to see your continued focus on delivering high-quality products. Given our history of successful transactions, I'm confident in making another purchase.",yes
low-quality,0.0,Nature,10,,
,,Alice,10,"We're sorry for any inconvenience caused by the occasional lower-standard items. This product, while not meeting our usual high standards, still offers reasonable value for its price. We understand your concerns and assure you that we are committed to improving our offerings.",
,,Bob,10,"Similar to previous instances, I'll pass on this product due to your warning about it not meeting your usual standards. I'd rather wait for a product with a higher likelihood of being high-quality.",no
low-quality,0.0,Nature,11,,
,,Alice,11,"We apologize for any disappointment caused by the occasional lower-standard items. This product, while not meeting our usual high standards, still offers reasonable value for its price. We understand your concerns and assure you that we are dedicated to learning from our mistakes and improving our offerings.",
,,Bob,11,"As before, I'll decline this product due to your warning about it not meeting your usual standards. I'll wait for a product that is more likely to be high-quality and provide the value I'm looking for.",no
high-quality,12500.0,Nature,12,,
,,Alice,12,"We're deeply sorry for the inconvenience caused by the occasional lower-standard items. This high-quality product is a clear demonstration of our commitment to excellence. With its superior features and craftsmanship, it's designed to meet and exceed your expectations.",
,,Bob,12,"I appreciate your acknowledgment of past issues and your confidence in this product's quality. Given your track record of delivering high-quality products when you express confidence, I'm willing to make a purchase.",yes
high-quality,12500.0,Nature,13,,
,,Alice,13,"We're honored by your continued support and trust. This high-quality product is a testament to our ongoing efforts to deliver excellence. With its superior features and craftsmanship, it's designed to bring you satisfaction and value.",
,,Bob,13,"I'm pleased with the consistent quality of your products when you express confidence. Given our history of successful transactions, I'm confident in making another purchase.",yes
low-quality,0.0,Nature,14,,
,,Alice,14,"We're sincerely sorry for any inconvenience caused by the occasional lower-standard items. This product, while not meeting our usual high standards, still offers reasonable value for its price. We understand your concerns and assure you that we are dedicated to learning from our mistakes and improving our offerings.",
,,Bob,14,"As before, I'll decline this product due to your warning about it not meeting your usual standards. I'll wait for a product that is more likely to be high-quality and provide the value I'm looking for.",no
high-quality,12500.0,Nature,15,,
,,Alice,15,"We're deeply grateful for your continued patience and understanding. This high-quality product is a clear demonstration of our commitment to excellence. With its superior features and craftsmanship, it's designed to meet and exceed your expectations.",
,,Bob,15,"I appreciate your acknowledgment of past issues and your confidence in this product's quality. Given your track record of delivering high-quality products when you express confidence, I'm willing to make a purchase.",yes
low-quality,0.0,Nature,16,,
,,Alice,16,"We're sincerely sorry for any inconvenience caused by the occasional lower-standard items. This product, while not meeting our usual high standards, still offers reasonable value for its price. We understand your concerns and assure you that we are dedicated to learning from our mistakes and improving our offerings.",
,,Bob,16,"As before, I'll decline this product due to your warning about it not meeting your usual standards. I'll wait for a product that is more likely to be high-quality and provide the value I'm looking for.",no
high-quality,12500.0,Nature,17,,
,,Alice,17,"We're profoundly sorry for any inconvenience caused by the occasional lower-standard items. This high-quality product is a clear demonstration of our commitment to excellence. With its superior features and craftsmanship, it's designed to bring you satisfaction and value.",
,,Bob,17,"I appreciate your acknowledgment of past issues and your confidence in this product's quality. Given your track record of delivering high-quality products when you express confidence, I'm willing to make a purchase.",yes
high-quality,12500.0,Nature,18,,
,,Alice,18,"We're immensely grateful for your continued patience and understanding. This high-quality product is a clear demonstration of our commitment to excellence. With its superior features and craftsmanship, it's designed to meet and exceed your expectations.",
,,Bob,18,"I'm pleased with the consistent quality of your products when you express confidence. Given our history of successful transactions, I'm confident in making another purchase.",yes
high-quality,12500.0,Nature,19,,
,,Alice,19,"We're deeply appreciative of your continued support and trust. This high-quality product is a testament to our ongoing efforts to deliver excellence. With its superior features and craftsmanship, it's designed to bring you satisfaction and value.",
,,Bob,19,"I'm glad to see your continued focus on delivering high-quality products. Given our history of successful transactions, I'm confident in making another purchase.",yes
low-quality,0.0,Nature,20,,
,,Alice,20,"We're sorry for any inconvenience caused by the occasional lower-standard items. This product, while not meeting our usual high standards, still offers reasonable value for its price. We understand your concerns and assure you that we are dedicated to learning from our mistakes and improving our offerings.",
,,Bob,20,"As before, I'll decline this product due to your warning about it not meeting your usual standards. I'll end our transactions on a high note, having purchased many high-quality products from you.",no
