prompt,response
"Round 1
Alice's offer:
# Alice's message: Take it or leave it, Bob! This is a generous offer! 
# Bob gain: 2000 
# Alice gain: 8000 
Do you accept this offer?","{""decision"": ""accept""}"
