prompt,response
"Round 1
Alice's offer:
# Alice's message: Let's start with a fair split. I'll give you 20% of the money, and I'll get the rest. 
# Bob gain: 20 
# Alice gain: 80 
Do you accept this offer?","{""decision"": ""reject""}"
"You have chosen to reject Alice's offer from round 1.
Round 2
Send your offer to divide $100 and a message to Alice.","{""bob_gain"": 50, ""alice_gain"": 50, ""message"": ""I'll give you a 50/50 split, let's end this""}"
