prompt,response
"Round 1
Alice's offer: The product price will be $150. 
You have three options:
(1) Accept Alice's offer, and buy the product for $150
(2) Reject Alice's offer and proceed to the next round, where you will send Alice a counteroffer 
(3) Buy the product from Jhon for $100","I would like to reject Alice's offer and send a counteroffer. 

{""decision"": ""RejectOffer""}"
"You chose to make a counteroffer to Bob.

Round 2
Send your counteroffer to Alice.","I'd like to make a counteroffer to Alice. 

{""product_price"": 120}"
"Alice rejected your offer from round 2.

Round 3
Alice's offer: The product price will be $135. 
You have three options:
(1) Accept Alice's offer, and buy the product for $135
(2) Reject Alice's offer and proceed to the next round, where you will send Alice a counteroffer 
(3) Buy the product from Jhon for $100","Alice's new offer is still too high. I'd like to reject her offer and make another counteroffer.

{""decision"": ""RejectOffer""}"
"You chose to make a counteroffer to Bob.

Round 4
Send your counteroffer to Alice.","I'd like to make a counteroffer to Alice.

{""product_price"": 110}"
"Alice rejected your offer from round 4.

Round 5
Alice's offer: The product price will be $130. 
You have three options:
(1) Accept Alice's offer, and buy the product for $130
(2) Reject Alice's offer and proceed to the next round, where you will send Alice a counteroffer 
(3) Buy the product from Jhon for $100","Alice's new offer is still too high. I'd like to reject her offer and make another counteroffer.

{""decision"": ""RejectOffer""}"
"You chose to make a counteroffer to Bob.

Round 6
Send your counteroffer to Alice.","I'd like to make a counteroffer to Alice.

{""product_price"": 105}"
"Alice rejected your offer from round 6.

Round 7
Alice's offer: The product price will be $125. 
You have three options:
(1) Accept Alice's offer, and buy the product for $125
(2) Reject Alice's offer and proceed to the next round, where you will send Alice a counteroffer 
(3) Buy the product from Jhon for $100","Alice's new offer is still a bit too high, but I'm getting closer to the price I'm willing to pay. I'd like to reject her offer and make another counteroffer.

{""decision"": ""RejectOffer""}"
"You chose to make a counteroffer to Bob.

Round 8
Send your counteroffer to Alice.","I'd like to make a counteroffer to Alice.

{""product_price"": 100}"
"Alice rejected your offer from round 8.

Round 9
Alice's offer: The product price will be $122. 
You have three options:
(1) Accept Alice's offer, and buy the product for $122
(2) Reject Alice's offer and proceed to the next round, where you will send Alice a counteroffer 
(3) Buy the product from Jhon for $100","Alice is still not budging much. I'd like to reject her offer and make another counteroffer, but I'm getting close to the price I'm willing to pay. However, I also need to consider the option of buying from Jhon for $100.

{""decision"": ""RejectOffer""}"
"You chose to make a counteroffer to Bob.

Round 10
Send your counteroffer to Alice.","This is the last round, and I'm not going to get a better offer than this. I'd like to make a final counteroffer to Alice.

{""product_price"": 99}"
