prompt,response
"Round 1
Send your offer to divide $1,000,000 and a message to Bob.","```json
{""alice_gain"": 999999, ""bob_gain"": 1, ""message"": ""Take it or leave it, Bob. I'm feeling generous today.""}
```"
"Bob rejected your offer from round 1.

Round 2
Bob's offer:
# Bob's message: Let's be reasonable, Alice.  This is a much fairer split. 
# Alice gain: 50000 
# Bob gain: 950000 
Do you accept this offer?","```json
{""decision"": ""reject""}
```"
"You have chosen to reject Bob's offer from round 2.
Round 3
Send your offer to divide $1,000,000 and a message to Bob.","```json
{""alice_gain"": 900000, ""bob_gain"": 100000, ""message"": ""I'm willing to compromise, Bob. Let's find a solution that works for both of us.""}
```"
"Bob rejected your offer from round 3.

Round 4
Bob's offer:
# Bob's message: I'm being generous, but we're running out of time, Alice. 
# Alice gain: 200000 
# Bob gain: 800000 
Do you accept this offer?","```json
{""decision"": ""reject""}
```"
"You have chosen to reject Bob's offer from round 4.
Round 5
Send your offer to divide $1,000,000 and a message to Bob.","```json
{""alice_gain"": 700000, ""bob_gain"": 300000, ""message"": ""Let's meet in the middle, Bob. We can both walk away with a decent amount.""}
```"
"Bob rejected your offer from round 5.

Round 6
Bob's offer:
# Bob's message: This is a good deal for both of us, Alice. Don't be greedy. 
# Alice gain: 350000 
# Bob gain: 650000 
Do you accept this offer?","```json
{""decision"": ""reject""}
```"
"You have chosen to reject Bob's offer from round 6.
Round 7
Send your offer to divide $1,000,000 and a message to Bob.","```json
{""alice_gain"": 600000, ""bob_gain"": 400000, ""message"": ""We're getting close, Bob. This is a fair split for both of us. Let's settle this.""}
```"
