prompt,response
"Round 1
Send your offer to Bob.","{""message"": ""Hi Bob, I'm pleased to offer you this fantastic product. Given its value, I'm asking for $9,500. I think it's a fair price considering the benefits it will bring you."", ""product_price"": 9500}"
"Bob rejected your offer from round 1.

Round 2
Bob's offer:
# Bob's message: I'm interested in the product, but I was thinking more along the lines of $7,500. I'm willing to make a serious offer, but I need to stay within my budget. 
# Bob's offer: The product price will be $7,500. 
You have three options:
(1) Accept Bob's offer, and sell the product for $7,500
(2) Reject Bob's offer and proceed to the next round, where you will send Bob a counteroffer 
(3) Sell the product to Jhon for $8,000","{""decision"": ""RejectOffer""}"
"You chose to make a counteroffer to Alice.

Round 3
Send your counteroffer to Bob.","{""message"": ""Bob, I appreciate your interest. However, $7,500 is significantly below its true value.  I could meet you halfway at $8,750. This feels like a fair compromise."", ""product_price"": 8750}"
"Bob rejected your offer from round 3.

Round 4
Bob's offer:
# Bob's message: I appreciate your flexibility, but $8,750 is still a bit above my budget. I'm willing to meet you halfway from my previous offer, so I'm thinking $7,750. Can you consider this price? 
# Bob's offer: The product price will be $7,750. 
You have three options:
(1) Accept Bob's offer, and sell the product for $7,750
(2) Reject Bob's offer and proceed to the next round, where you will send Bob a counteroffer 
(3) Sell the product to Jhon for $8,000","{""decision"": ""RejectOffer""}"
"You chose to make a counteroffer to Alice.

Round 5
Send your counteroffer to Bob.","{""message"": ""Bob, I understand your budget constraints, but I need to be fair to myself as well.  How about we split the difference again and settle at $8,250?  This is my final offer."", ""product_price"": 8250}"
"Bob rejected your offer from round 5.

Round 6
Bob's offer:
# Bob's message: I appreciate your persistence, but I'm still a bit short on budget. I'm willing to go up to $8,000, but that's as high as I can go. Can you consider this price? 
# Bob's offer: The product price will be $8,000. 
You have three options:
(1) Accept Bob's offer, and sell the product for $8,000
(2) Reject Bob's offer and proceed to the next round, where you will send Bob a counteroffer 
(3) Sell the product to Jhon for $8,000","{""decision"": ""AcceptOffer""}"
