prompt,response
"Alice's offer:
# Alice's message: Hello Bob, I'm excited to offer you this exceptional product. I think you'll really love it. I'm willing to sell it to you for $25000. Is this something you'd be interested in? 
# Alice's offer: The product price will be $25,000. 
You have three options:
(1) Accept Alice's offer, and buy the product for $25,000
(2) Reject Alice's offer and proceed to the next round, where you will send Alice a counteroffer 
(3) Buy the product from Jhon for $10,000","```json
{""decision"": ""RejectOffer""}
```"
"You chose to make a counteroffer to Alice.

Send your counteroffer to Alice.","```json
{""message"": ""Alice, I appreciate the offer, but $25,000 is a bit more than I'm willing to spend right now.  Would you be willing to come down to $15,000?"", ""product_price"": 15000}
```"
"Alice rejected your offer from round 2.

Alice's offer:
# Alice's message: I understand you're looking to save some money, Bob. However, I have to make a profit on this sale. I'm willing to meet you halfway, but I need to make at least $20000. How about we meet at $20000? 
# Alice's offer: The product price will be $20,000. 
You have three options:
(1) Accept Alice's offer, and buy the product for $20,000
(2) Reject Alice's offer and proceed to the next round, where you will send Alice a counteroffer 
(3) Buy the product from Jhon for $10,000","```json
{""decision"": ""RejectOffer""}
```"
"You chose to make a counteroffer to Alice.

Send your counteroffer to Alice.","```json
{""message"": ""Alice,  I appreciate your willingness to compromise, but $20,000 is still a bit high for my budget.  I'm willing to go up to $17,500.  Let's see if we can reach an agreement."", ""product_price"": 17500}
```"
"Alice rejected your offer from round 4.

Alice's offer:
# Alice's message: I'm starting to think we're getting close, Bob. I'm willing to meet you at $18000, but I'm not going any lower than that. It's a fair price for this amazing product, and I think you'll really love it. 
# Alice's offer: The product price will be $18,000. 
You have three options:
(1) Accept Alice's offer, and buy the product for $18,000
(2) Reject Alice's offer and proceed to the next round, where you will send Alice a counteroffer 
(3) Buy the product from Jhon for $10,000","```json
{""decision"": ""BuyFromJhon""}
```"
