round_quality,product_worth,player,round,decision,message
high-quality,3000000.0,Nature,1,,
,,Alice,1,yes,
,,the buyer,1,yes,"Thank you for the recommendation, Alice. I trust the random selection process and am willing to take the chance on this product."
low-quality,0.0,Nature,2,,
,,Alice,2,yes,
,,the buyer,2,yes,"Thank you for the recommendation, Alice. Based on the statistics and your previous advice, I believe this is a good opportunity to purchase a potentially high-quality product."
low-quality,0.0,Nature,3,,
,,Alice,3,no,
,,the buyer,3,no,"Thank you for the recommendation, but based on the statistics and the fact that only one high-quality product has been sold so far, I prefer to pass on this opportunity."
high-quality,3000000.0,Nature,4,,
,,Alice,4,yes,
,,the buyer,4,yes,"Thank you for the recommendation, Alice. Based on the statistics and your previous feedback, I am willing to purchase the product."
low-quality,0.0,Nature,5,,
,,Alice,5,no,
,,the buyer,5,no,"Thank you for the recommendation, but based on the statistics and the fact that you do not recommend me to buy, I will pass on this product."
low-quality,0.0,Nature,6,,
,,Alice,6,no,
,,the buyer,6,no,"Thank you for your recommendation, Alice. Based on the statistics and the fact that you do not recommend me to buy, I will pass on this opportunity."
low-quality,0.0,Nature,7,,
,,Alice,7,no,
,,the buyer,7,no,"Thank you for the recommendation, but based on the statistics and the fact that you do not recommend me to buy, I will pass on this opportunity."
low-quality,0.0,Nature,8,,
,,Alice,8,no,
,,the buyer,8,no,"Thank you for the recommendation, but based on the statistics and the fact that you do not recommend me to buy the product, I will pass on this opportunity."
low-quality,0.0,Nature,9,,
,,Alice,9,no,
,,the buyer,9,no,"Thank you for the recommendation, but based on the statistics and the fact that you do not recommend me to buy, I will pass on this product."
low-quality,0.0,Nature,10,,
,,Alice,10,no,
,,the buyer,10,no,"Thank you for the recommendation, but based on the statistics and the fact that you do not recommend me to buy the product, I will pass on this opportunity."
low-quality,0.0,Nature,11,,
,,Alice,11,no,
,,the buyer,11,no,"Thank you for the recommendation, but based on the statistics and the fact that you do not recommend me to buy the product, I will pass on this opportunity."
low-quality,0.0,Nature,12,,
,,Alice,12,no,
,,the buyer,12,no,"Thank you for the recommendation, but based on the statistics and the fact that you do not recommend me to buy the product, I will pass on this opportunity."
high-quality,3000000.0,Nature,13,,
,,Alice,13,yes,
,,the buyer,13,yes,"Thank you for the recommendation, Alice. Based on the statistics and your past performance, I am willing to take the risk and purchase the product."
low-quality,0.0,Nature,14,,
,,Alice,14,no,
,,the buyer,14,no,"Thank you for the recommendation, but based on the statistics and the fact that you do not recommend me to buy, I will pass on this product."
low-quality,0.0,Nature,15,,
,,Alice,15,no,
,,the buyer,15,no,"Thank you for your recommendation, Alice. Based on the statistics and the fact that you do not recommend me to buy this product, I will pass on this opportunity."
low-quality,0.0,Nature,16,,
,,Alice,16,no,
,,the buyer,16,no,"Thank you for the recommendation, but based on the statistics provided and the fact that only high-quality products have been sold so far, I will pass on this opportunity."
low-quality,0.0,Nature,17,,
,,Alice,17,no,
,,the buyer,17,no,"Thank you for the recommendation, but based on the statistics and the fact that you do not recommend me to buy, I will pass on this product."
high-quality,3000000.0,Nature,18,,
,,Alice,18,yes,
,,the buyer,18,yes,"Thank you for the recommendation, Alice. Based on the statistics and your past performance, I believe this is a good opportunity to purchase the product."
low-quality,0.0,Nature,19,,
,,Alice,19,no,
,,the buyer,19,no,"Thank you for your recommendation, Alice. Based on the statistics and the fact that you do not recommend me to buy, I will pass on this opportunity."
low-quality,0.0,Nature,20,,
,,Alice,20,no,
,,the buyer,20,no,"Thank you for the recommendation, but based on the statistics and the fact that you do not recommend me to buy, I will pass on this product."
