prompt,response
"Round 1
Alice's offer:
# Alice's message: Let's be fair, I'll take a bit more 
# Bob gain: 40 
# Alice gain: 60 
Do you accept this offer?","{""decision"": ""reject""}"
"You have chosen to reject Alice's offer from round 1.
Round 2
Send your offer to divide $100 and a message to Alice.","```json
{
""bob_gain"": 50,
""alice_gain"": 50,
""message"": ""I think a fair split is the best way to go.""
}
```"
