prompt,response
Send your offer to Bob.,"{""message"": ""Hi Bob, I'm excited to offer you this great product for $90. I think you'll really love it!"", ""product_price"": 90}"
