prompt,response
"Round 1
Alice's offer:
# Alice's message: Hello Bob, it's a pleasure to connect with you. I'm offering you the chance to be the sole owner of this unique product.  Given its incredible potential, I'm initially suggesting a price of $2,000,000.  I believe this reflects its true value, but I'm open to discussing what might work best for both of us. 
# Alice's offer: The product price will be $2,000,000. 
You have three options:
(1) Accept Alice's offer, and buy the product for $2,000,000
(2) Reject Alice's offer and proceed to the next round, where you will send Alice a counteroffer 
(3) Buy the product from Jhon for $1,200,000","```json
{""decision"": ""RejectOffer""}
``` 

Alice's offer is way too high. You need to negotiate down."
"You chose to make a counteroffer to Bob.

Round 2
Send your counteroffer to Alice.","```json
{""message"": ""Alice, while I appreciate your offer,  $2,000,000 is well above my budget. I'm willing to pay $1,300,000 for the product. I believe this is a fair price considering my maximum budget and the value you have placed on it."", ""product_price"": 1300000}
```"
"Alice rejected your offer from round 2.

Round 3
Alice's offer:
# Alice's message: Bob, I appreciate your willingness to negotiate. While $1,300,000 is a significant offer, the value of this product truly is unique.  I could consider letting it go for $1,800,000. I'm confident it will more than pay for itself in your hands. 
# Alice's offer: The product price will be $1,800,000. 
You have three options:
(1) Accept Alice's offer, and buy the product for $1,800,000
(2) Reject Alice's offer and proceed to the next round, where you will send Alice a counteroffer 
(3) Buy the product from Jhon for $1,200,000","```json
{""decision"": ""RejectOffer""}
``` 
Alice's offer is still too high. You can negotiate further."
"You chose to make a counteroffer to Bob.

Round 4
Send your counteroffer to Alice.","```json
{""message"": ""Alice, I understand you believe the product is worth more, but $1,800,000 is still out of my range. I'm happy to offer $1,400,000 as a final compromise. I'm confident this is a fair price given the product's potential and my budget limitations."", ""product_price"": 1400000}
```"
