prompt,response
"Round 1
Send your offer to Bob.","{""message"": ""Hi Bob, I'm excited to offer you this fantastic product. Given its value and the benefits it offers, I believe a starting price of $15,500 is fair. What are your thoughts?"", ""product_price"": 15500}"
"Bob rejected your offer from round 1.

Round 2
Bob's offer:
# Bob's message: Thank you for offering the product, Alice. I appreciate your effort. Considering the value and my budget, I would like to propose a price of $14,000 for the product. I hope this aligns better with your expectations. 
# Bob's offer: The product price will be $14,000. 
You have three options:
(1) Accept Bob's offer, and sell the product for $14,000
(2) Reject Bob's offer and proceed to the next round, where you will send Bob a counteroffer 
(3) Sell the product to Jhon for $12,000","{""decision"": ""RejectOffer""}"
"You chose to make a counteroffer to Alice.

Round 3
Send your counteroffer to Bob.","{""message"": ""Thanks for your counteroffer, Bob. I understand your perspective, but $14,000 is a bit too low for me. How about we meet in the middle at $14,750?"", ""product_price"": 14750}"
"Bob rejected your offer from round 3.

Round 4
Bob's offer:
# Bob's message: I appreciate your response, Alice. I think $14,750 is still slightly out of my range. Based on my budget and the market value, I would like to propose a price of $14,250 for the product. I hope this proposal is more acceptable. 
# Bob's offer: The product price will be $14,250. 
You have three options:
(1) Accept Bob's offer, and sell the product for $14,250
(2) Reject Bob's offer and proceed to the next round, where you will send Bob a counteroffer 
(3) Sell the product to Jhon for $12,000","{""decision"": ""AcceptOffer""}"
