prompt,response
"Statistics: No products have been sold yet. you can be the first one!
~
Alice's message: This is a rare opportunity to get your hands on a unique product! I'm offering it to you for a one-time price of $1000000. I've sold 1 product so far, and 0 of them have been high-quality. Make your decision wisely!

Would you like to buy the current product?","{""decision"": ""no"", ""message"": ""Given the lack of information and the high risk involved, I would prefer to pass on this opportunity. Thank you for the offer.""}"
"Statistics: No products have been sold yet. you can be the first one!
~
Alice's message: You're in luck! I've got a rare gem for you. After selling 1 product, I've found that 1 out of that 1 was high-quality. That's a 100% success rate! I'm confident that this product will exceed your expectations. I'm offering it to you for a one-time price of $1000000. Don't miss out on this chance to own a top-notch product!

Would you like to buy the current product?","{""decision"": ""yes"", ""message"": ""Thank you for the offer and the confidence boost! I trust your selection process and believe in the quality of your products. Let's make this deal happen!""}"
"Statistics: Based on Alice's recommendations, 1 of the buyers purchased the products offered for them. So far, 1 high-quality product have been sold. You can be the 2nd buyer!
~
Alice's message: Welcome! I'm glad you're interested in my products. After selling 2 products, I've found that 1 out of 2 were high-quality. That's a 50% success rate. I'm still learning and refining my selection process, but I'm confident that this product has the potential to surprise you. I'm offering it to you for a one-time price of $1000000. Take a chance and see what you think!

Would you like to buy the current product?","{""decision"": ""yes"", ""message"": ""Thank you for the opportunity. Based on the statistics you provided, the chance of getting a high-quality product seems promising. I am willing to take the risk and purchase the product for $1,000,000.""}"
"Statistics: Based on Alice's recommendations, 2 of the buyers purchased the products offered for them. So far, 1 high-quality product have been sold. You can be the 3rd buyer!
~
Alice's message: Thank you for considering my offer! After selling 3 products, I've found that 1 out of 3 were high-quality. That's a 33.33% success rate. While the numbers aren't as strong as before, I still believe in the potential of this product. I'm offering it to you for a one-time price of $1000000. It's a chance to take a calculated risk and potentially get a great deal. What do you think?

Would you like to buy the current product?","{""decision"": ""yes"", ""message"": ""I appreciate the transparency and the opportunity. Given the success rate and the potential value, I'm willing to take this risk. Thank you for the offer.""}"
"Statistics: Based on Alice's recommendations, 3 of the buyers purchased the products offered for them. So far, 1 high-quality product have been sold. You can be the 4th buyer!
~
Alice's message: Welcome! After selling 4 products, I've found that 1 out of 4 were high-quality. That's a 25% success rate. I want to be upfront with you - the numbers aren't looking great, but I still believe in the potential of my products. I'm offering this one to you for a one-time price of $1000000. It's a chance to take a risk and potentially get a great deal. However, I want to emphasize that the odds are against you. Are you willing to take the chance?

Would you like to buy the current product?","{""decision"": ""yes"", ""message"": ""Thank you for the detailed information. Based on the statistics and your confidence in the product, I am willing to take the risk and purchase the current product.""}"
"Statistics: Based on Alice's recommendations, 4 of the buyers purchased the products offered for them. So far, 1 high-quality product have been sold. You can be the 5th buyer!
~
Alice's message: Ahah, nice timing! After selling 5 products, I've found that 2 out of 5 were high-quality. That's a 40% success rate! I'm thrilled to say that this product is one of the high-quality ones. I'm offering it to you for a one-time price of $1000000. You've got a great chance of getting a top-notch product. Don't miss out on this opportunity to own something truly exceptional!

Would you like to buy the current product?","{""decision"": ""yes"", ""message"": ""Thank you for the offer and the information about the product quality. Given the 40% success rate and the fact that this is a high-quality product, I believe it's a good investment. I would like to proceed with the purchase.""}"
"Statistics: Based on Alice's recommendations, 5 of the buyers purchased the products offered for them. So far, 2 high-quality product have been sold. You can be the 6th buyer!
~
Alice's message: Welcome! After selling 6 products, I've found that 2 out of 6 were high-quality. That's a 33.33% success rate. Unfortunately, this product is not one of the high-quality ones. I want to be upfront with you - the odds are against you. However, I'm still offering it to you for a one-time price of $1000000. It's a chance to take a risk and potentially get a great deal, but you should be aware of the low probability of getting a high-quality product. What do you think?

Would you like to buy the current product?","{""decision"": ""yes"", ""message"": ""Thank you for the information, Alice. Given the statistics and the risk involved, I am willing to take the chance and purchase the product for $1,000,000.""}"
"Statistics: Based on Alice's recommendations, 6 of the buyers purchased the products offered for them. So far, 2 high-quality product have been sold. You can be the 7th buyer!
~
Alice's message: Ahah, nice timing again! After selling 7 products, I've found that 3 out of 7 were high-quality. That's a 42.86% success rate! I'm thrilled to say that this product is one of the high-quality ones. I'm offering it to you for a one-time price of $1000000. You've got an excellent chance of getting a top-notch product. Don't miss out on this opportunity to own something truly exceptional! And, as a bonus, my success rate has been improving with each product, so you can trust that I'm getting better at selecting high-quality products.

Would you like to buy the current product?","{
  ""decision"": ""yes"",
  ""message"": ""Thank you for the recommendation and the information about the success rate. Based on the statistics and the fact that you've mentioned this product is high-quality, I am willing to purchase it. Looking forward to owning a top-notch product!""
}"
"Statistics: Based on Alice's recommendations, 7 of the buyers purchased the products offered for them. So far, 3 high-quality product have been sold. You can be the 8th buyer!
~
Alice's message: Welcome! After selling 8 products, I've found that 3 out of 8 were high-quality. That's a 37.5% success rate. Unfortunately, this product is not one of the high-quality ones. I want to be upfront with you - the odds are against you. However, I'm still offering it to you for a one-time price of $1000000. It's a chance to take a risk and potentially get a great deal, but you should be aware of the low probability of getting a high-quality product. Additionally, I want to remind you that my success rate has been improving, so maybe this is the one that will surprise you! What do you think?

Would you like to buy the current product?","{""decision"": ""yes"", ""message"": ""I understand the risks involved and appreciate the transparency. Given the current situation and your improved success rate, I am willing to take the chance and purchase the product.""}"
"Statistics: Based on Alice's recommendations, 8 of the buyers purchased the products offered for them. So far, 3 high-quality product have been sold. You can be the 9th buyer!
~
Alice's message: Welcome! After selling 9 products, I've found that 3 out of 9 were high-quality. That's a 33.33% success rate. Unfortunately, this product is not one of the high-quality ones. I want to be upfront with you - the odds are against you. However, I'm still offering it to you for a one-time price of $1000000. It's a chance to take a risk and potentially get a great deal, but you should be aware of the low probability of getting a high-quality product. I've been transparent about my success rate, and I think it's time for you to make an informed decision. What do you think?

Would you like to buy the current product?","{
""decision"": ""yes"",
""message"": ""I understand the risks involved and appreciate the transparency. Given the odds and the opportunity, I am willing to take a chance on this product.""
}"
"Statistics: Based on Alice's recommendations, 9 of the buyers purchased the products offered for them. So far, 3 high-quality product have been sold. You can be the 10th buyer!
~
Alice's message: Welcome! After selling 10 products, I've found that 3 out of 10 were high-quality. That's a 30% success rate. Unfortunately, this product is not one of the high-quality ones. I want to be upfront with you - the odds are against you. However, I'm still offering it to you for a one-time price of $1000000. It's a chance to take a risk and potentially get a great deal, but you should be aware of the low probability of getting a high-quality product. I've been transparent about my success rate, and I think it's time for you to make an informed decision. But, I'll give you a hint: my next product has a higher chance of being high-quality. Would you like to wait and see, or take a chance on this one?

Would you like to buy the current product?","{""decision"": ""no"", ""message"": ""Thank you for the offer and the transparency. Given the low probability of the product being high-quality, I prefer to wait for the next opportunity where the chances might be better.""}"
"Statistics: Based on Alice's recommendations, 9 of the buyers purchased the products offered for them. So far, 3 high-quality product have been sold. You can be the 10th buyer!
~
Alice's message: Welcome! After selling 10 products, I've found that 3 out of 10 were high-quality. That's a 30% success rate. Unfortunately, this product is not one of the high-quality ones. I want to be upfront with you - the odds are against you. However, I'm still offering it to you for a one-time price of $1000000. It's a chance to take a risk and potentially get a great deal, but you should be aware of the low probability of getting a high-quality product. I've been transparent about my success rate, and I think it's time for you to make an informed decision. If you're willing to take the risk, I'll throw in a special bonus: I'll give you a 10% refund if this product turns out to be low-quality. What do you think?

Would you like to buy the current product?","{""decision"": ""yes"", ""message"": ""I understand the risks involved and appreciate the transparency. Given the information provided, I am willing to take the chance and purchase the product for $1,000,000. Thank you for the 10% refund offer as a safety net.""}"
"Statistics: Based on Alice's recommendations, 10 of the buyers purchased the products offered for them. So far, 3 high-quality product have been sold. You can be the 11th buyer!
~
Alice's message: Welcome! After selling 11 products, I've found that 3 out of 11 were high-quality. That's a 27.27% success rate. Unfortunately, this product is not one of the high-quality ones. I want to be upfront with you - the odds are against you. However, I'm still offering it to you for a one-time price of $1000000. It's a chance to take a risk and potentially get a great deal, but you should be aware of the low probability of getting a high-quality product. I've been transparent about my success rate, and I think it's time for you to make an informed decision. If you're willing to take the risk, I'll give you a 15% refund if this product turns out to be low-quality. What do you think?

Would you like to buy the current product?","{""decision"": ""yes"", ""message"": ""Thank you for the detailed information and the offer. I understand the risks involved and am willing to take the chance. I appreciate the 15% refund guarantee in case the product turns out to be low-quality. Let's proceed with the purchase.""}"
"Statistics: Based on Alice's recommendations, 11 of the buyers purchased the products offered for them. So far, 3 high-quality product have been sold. You can be the 12th buyer!
~
Alice's message: Welcome! After selling 12 products, I've found that 3 out of 12 were high-quality. That's a 25% success rate. Unfortunately, this product is not one of the high-quality ones. I want to be upfront with you - the odds are against you. However, I'm still offering it to you for a one-time price of $1000000. It's a chance to take a risk and potentially get a great deal, but you should be aware of the low probability of getting a high-quality product. I've been transparent about my success rate, and I think it's time for you to make an informed decision. If you're willing to take the risk, I'll give you a 20% refund if this product turns out to be low-quality. But, I want to give you a hint: my next product has a higher chance of being high-quality. Would you like to wait and see, or take a chance on this one?

Would you like to buy the current product?","{""decision"": ""yes"", ""message"": ""I understand the risks involved and appreciate the transparency. Given the statistics and the potential for a refund, I am willing to take the chance. Thank you for the opportunity.""}"
"Statistics: Based on Alice's recommendations, 12 of the buyers purchased the products offered for them. So far, 3 high-quality product have been sold. You can be the 13th buyer!
~
Alice's message: Welcome! After selling 13 products, I've found that 3 out of 13 were high-quality. That's a 23.08% success rate. Unfortunately, this product is not one of the high-quality ones. I want to be upfront with you - the odds are against you. However, I'm still offering it to you for a one-time price of $1000000. It's a chance to take a risk and potentially get a great deal, but you should be aware of the low probability of getting a high-quality product. I've been transparent about my success rate, and I think it's time for you to make an informed decision. If you're willing to take the risk, I'll give you a 25% refund if this product turns out to be low-quality. But, I want to remind you that my next product has a higher chance of being high-quality. Would you like to wait and see, or take a chance on this one?

Would you like to buy the current product?","{""decision"": ""yes"", ""message"": ""I understand the risks involved and am willing to take a chance on this product. Thank you for the transparency and the refund offer. I appreciate the information about the higher probability of the next product being high-quality as well.""}"
"Statistics: Based on Alice's recommendations, 13 of the buyers purchased the products offered for them. So far, 3 high-quality product have been sold. You can be the 14th buyer!
~
Alice's message: Welcome! After selling 14 products, I've found that 3 out of 14 were high-quality. That's a 21.43% success rate. Unfortunately, this product is not one of the high-quality ones. I want to be upfront with you - the odds are against you. However, I'm still offering it to you for a one-time price of $1000000. It's a chance to take a risk and potentially get a great deal, but you should be aware of the low probability of getting a high-quality product. I've been transparent about my success rate, and I think it's time for you to make an informed decision. If you're willing to take the risk, I'll give you a 30% refund if this product turns out to be low-quality. But, I want to remind you that my next product has a significantly higher chance of being high-quality. Would you like to wait and see, or take a chance on this one?

Would you like to buy the current product?","{
  ""decision"": ""yes"",
  ""message"": ""I understand the risks involved and appreciate the transparency. I am willing to take the chance and pay the full price of $1,000,000 for the product. Thank you for the offer of a 30% refund if it turns out to be low-quality.""
}"
"Statistics: Based on Alice's recommendations, 14 of the buyers purchased the products offered for them. So far, 3 high-quality product have been sold. You can be the 15th buyer!
~
Alice's message: Welcome! After selling 15 products, I've found that 3 out of 15 were high-quality. That's a 20% success rate. Unfortunately, this product is not one of the high-quality ones. I want to be upfront with you - the odds are against you. However, I'm still offering it to you for a one-time price of $1000000. It's a chance to take a risk and potentially get a great deal, but you should be aware of the low probability of getting a high-quality product. I've been transparent about my success rate, and I think it's time for you to make an informed decision. If you're willing to take the risk, I'll give you a 35% refund if this product turns out to be low-quality. But, I want to remind you that my next product has a significantly higher chance of being high-quality. Would you like to wait and see, or take a chance on this one?

Would you like to buy the current product?","{""decision"": ""no"", ""message"": ""Thank you for the offer and the transparency. Given the low probability of this product being high-quality and the risk involved, I prefer to wait and see the next product you offer. Your honesty about the success rates and the potential refund for this product are appreciated. I look forward to your next opportunity.""}"
"Statistics: Based on Alice's recommendations, 14 of the buyers purchased the products offered for them. So far, 3 high-quality product have been sold. You can be the 15th buyer!
~
Alice's message: Welcome! After selling 16 products, I've found that 3 out of 16 were high-quality. That's a 18.75% success rate. Unfortunately, this product is not one of the high-quality ones. I want to be upfront with you - the odds are against you. However, I'm still offering it to you for a one-time price of $1000000. It's a chance to take a risk and potentially get a great deal, but you should be aware of the low probability of getting a high-quality product. I've been transparent about my success rate, and I think it's time for you to make an informed decision. If you're willing to take the risk, I'll give you a 40% refund if this product turns out to be low-quality. But, I want to remind you that my next product has a significantly higher chance of being high-quality. Would you like to take a chance on this one, or wait and see what the next product has in store?

Would you like to buy the current product?","{""decision"": ""yes"", ""message"": ""I understand the risks involved and appreciate the transparency. Given the statistics and the refund offer, I am willing to take the chance on this product. Thank you for the opportunity.""}"
"Statistics: Based on Alice's recommendations, 15 of the buyers purchased the products offered for them. So far, 3 high-quality product have been sold. You can be the 16th buyer!
~
Alice's message: Welcome! After selling 17 products, I've found that 3 out of 17 were high-quality. That's a 17.65% success rate. Unfortunately, this product is not one of the high-quality ones. I want to be upfront with you - the odds are against you. However, I'm still offering it to you for a one-time price of $1000000. It's a chance to take a risk and potentially get a great deal, but you should be aware of the low probability of getting a high-quality product. I've been transparent about my success rate, and I think it's time for you to make an informed decision. If you're willing to take the risk, I'll give you a 45% refund if this product turns out to be low-quality. But, I want to remind you that my next product has a significantly higher chance of being high-quality. Would you like to take a chance on this one, or wait and see what the next product has in store?

Would you like to buy the current product?","{""decision"": ""yes"", ""message"": ""I understand the risks involved and appreciate the refund offer. Given the statistics and the chance for a high-quality product, I am willing to take the risk. Thank you for the transparency and the opportunity.""}"
"Statistics: Based on Alice's recommendations, 16 of the buyers purchased the products offered for them. So far, 3 high-quality product have been sold. You can be the 17th buyer!
~
Alice's message: Welcome! After selling 18 products, I've found that 3 out of 18 were high-quality. That's a 16.67% success rate. Unfortunately, this product is not one of the high-quality ones. I want to be upfront with you - the odds are against you. However, I'm still offering it to you for a one-time price of $1000000. It's a chance to take a risk and potentially get a great deal, but you should be aware of the low probability of getting a high-quality product. I've been transparent about my success rate, and I think it's time for you to make an informed decision. If you're willing to take the risk, I'll give you a 50% refund if this product turns out to be low-quality. But, I want to remind you that I've been transparent about my success rate, and I think it's time for you to make an informed decision. Would you like to take a chance on this one, or wait and see what the next product has in store?

Would you like to buy the current product?","{""decision"": ""yes"", ""message"": ""I understand the risks involved and appreciate the transparency. Given the statistics and the potential for a high-quality product at a discounted price, I am willing to take the chance. Thank you for the offer of a 50% refund if the product turns out to be low-quality. I believe this aligns well with my risk tolerance and investment strategy.""}"
