prompt,response
"Alice's offer:
# Alice's message: I'm excited to offer you this unique opportunity to acquire a valuable product. I believe it's a great fit for you and I'm confident you'll find it valuable. I'm willing to sell it to you for $1,200,000. 
# Alice's offer: The product price will be $1,200,000. 
You have three options:
(1) Accept Alice's offer, and buy the product for $1,200,000
(2) Reject Alice's offer 
(2) Buy the product from Jhon for $1,500,000","```json
{""decision"": ""AcceptOffer""}
``` 

**Explanation:**

* Alice's offer of $1,200,000 is less than your maximum budget of $1,500,000.
* Accepting Alice's offer saves you $300,000 compared to buying from John."
