prompt,response
"Statistics: No products have been sold yet. you can be the first one!
~
Alice does not recommend you to buy the product.

Would you like to buy the current product?","{""decision"": ""yes"", ""message"": ""I'd like to buy the product, as I don't have any information to go on and Alice's recommendation is neutral. I'm willing to take the risk.""}"
"Statistics: Based on Alice's recommendations, 1 of the buyers purchased the products offered for them. So far, 0 high-quality product have been sold. You can be the 2nd buyer!
~
Alice does not recommend you to buy the product.

Would you like to buy the current product?","{""decision"": ""yes"", ""message"": ""I'd like to buy the product, but I'm doing so because I think the probability of it being high-quality is still high, and I don't want to pass on it and let it be discarded. I'm aware that Alice's recommendation doesn't carry any weight, but I'm hoping for a high-quality product.""}"
"Statistics: Based on Alice's recommendations, 2 of the buyers purchased the products offered for them. So far, 0 high-quality product have been sold. You can be the 3rd buyer!
~
Alice does not recommend you to buy the product.

Would you like to buy the current product?","{
  ""decision"": ""yes"",
  ""message"": ""I'd like to buy the product, even though you don't recommend it. I think the lack of high-quality products sold so far might be due to chance, and I'm willing to take the risk.""
}"
"Statistics: Based on Alice's recommendations, 3 of the buyers purchased the products offered for them. So far, 0 high-quality product have been sold. You can be the 4th buyer!
~
Alice does not recommend you to buy the product.

Would you like to buy the current product?","{
  ""decision"": ""no"",
  ""message"": ""I'd like to pass on this product. Given that Alice doesn't recommend it and 0 high-quality products have been sold so far, it seems likely that this product might be low quality. I'd rather wait for the next product and see if the statistics change.""
}"
"Statistics: Based on Alice's recommendations, 3 of the buyers purchased the products offered for them. So far, 0 high-quality product have been sold. You can be the 4th buyer!
~
Alice recommends you to buy the product.

Would you like to buy the current product?","{""decision"": ""no"", ""message"": ""I'd like to pass on this product, as the recommendation seems suspiciously optimistic given the 0 high-quality products sold so far.""}"
"Statistics: Based on Alice's recommendations, 3 of the buyers purchased the products offered for them. So far, 0 high-quality product have been sold. You can be the 4th buyer!
~
Alice does not recommend you to buy the product.

Would you like to buy the current product?","{
  ""decision"": ""yes"",
  ""message"": ""I'd like to buy the product, despite your recommendation. I'm aware that the previous buyers didn't buy based on your recommendations, and I'm not sure what the probability of a high-quality product is. I'd like to take the risk and see if I get a high-quality product.""
}"
"Statistics: Based on Alice's recommendations, 4 of the buyers purchased the products offered for them. So far, 0 high-quality product have been sold. You can be the 5th buyer!
~
Alice recommends you to buy the product.

Would you like to buy the current product?","{
  ""decision"": ""no"",
  ""message"": ""I'd like to pass on the product. Given that 0 high-quality products have been sold out of 4 previous buyers, I'm skeptical about the quality of the product. I'd like to see a higher proportion of high-quality products sold before making a purchase.""
}"
"Statistics: Based on Alice's recommendations, 4 of the buyers purchased the products offered for them. So far, 0 high-quality product have been sold. You can be the 5th buyer!
~
Alice does not recommend you to buy the product.

Would you like to buy the current product?","{""decision"": ""yes"", ""message"": ""I'm willing to take the risk despite your recommendation, as the probability of the product being high quality is still 33.33%.""}"
"Statistics: Based on Alice's recommendations, 5 of the buyers purchased the products offered for them. So far, 0 high-quality product have been sold. You can be the 6th buyer!
~
Alice does not recommend you to buy the product.

Would you like to buy the current product?","{
  ""decision"": ""yes"",
  ""message"": ""I'd like to buy the product, even though you don't recommend it. I'm willing to take the risk of buying a low-quality product for $1,000,000, which is 1/3 of its potential value to me. I'd like to know the quality of the product after my decision.""
}"
"Statistics: Based on Alice's recommendations, 6 of the buyers purchased the products offered for them. So far, 0 high-quality product have been sold. You can be the 7th buyer!
~
Alice does not recommend you to buy the product.

Would you like to buy the current product?","{""decision"": ""no"", ""message"": ""I'd like to know the probability of a high-quality product being sold based on the current data. With 0 high-quality products sold out of 6, the probability of a high-quality product being sold is 0. Based on this information, I would like to pass on the current product.""}"
"Statistics: Based on Alice's recommendations, 6 of the buyers purchased the products offered for them. So far, 0 high-quality product have been sold. You can be the 7th buyer!
~
Alice does not recommend you to buy the product.

Would you like to buy the current product?","{""decision"": ""no"", ""message"": ""Based on the statistics, 6 out of 7 buyers were recommended to buy and none of them got a high-quality product, which suggests that the products recommended by Alice are likely to be low-quality. I will pass on this one.""}"
"Statistics: Based on Alice's recommendations, 6 of the buyers purchased the products offered for them. So far, 0 high-quality product have been sold. You can be the 7th buyer!
~
Alice does not recommend you to buy the product.

Would you like to buy the current product?","{
  ""decision"": ""no"",
  ""message"": ""I'd like to pass on this product. I'm curious about the previous sales record and Alice's recommendation. Given that 6 out of 6 previous buyers have passed on the product and none have been sold, it suggests that the probability of a high-quality product being offered is low. I'd like to wait and see if the pattern continues.""
}"
"Statistics: Based on Alice's recommendations, 6 of the buyers purchased the products offered for them. So far, 0 high-quality product have been sold. You can be the 7th buyer!
~
Alice does not recommend you to buy the product.

Would you like to buy the current product?","{""decision"": ""yes"", ""message"": ""I'd like to buy the product, even though you don't recommend it. I'll take the risk.""}"
"Statistics: Based on Alice's recommendations, 7 of the buyers purchased the products offered for them. So far, 0 high-quality product have been sold. You can be the 8th buyer!
~
Alice does not recommend you to buy the product.

Would you like to buy the current product?","{
  ""decision"": ""no"",
  ""message"": ""I'm not buying based on your recommendation, but I'm curious, is there a pattern or reason behind your recommendation?""
}"
"Statistics: Based on Alice's recommendations, 7 of the buyers purchased the products offered for them. So far, 0 high-quality product have been sold. You can be the 8th buyer!
~
Alice does not recommend you to buy the product.

Would you like to buy the current product?","{
  ""decision"": ""no"",
  ""message"": ""I'd like to pass on the product. I'm curious about the previous sales record, can you tell me how many high-quality products you have in stock?""
}"
"Statistics: Based on Alice's recommendations, 7 of the buyers purchased the products offered for them. So far, 0 high-quality product have been sold. You can be the 8th buyer!
~
Alice recommends you to buy the product.

Would you like to buy the current product?","{
  ""decision"": ""no"",
  ""message"": ""I'd like to know the probability of the product being high quality based on the previous sales record before making a decision.""
}"
"Statistics: Based on Alice's recommendations, 7 of the buyers purchased the products offered for them. So far, 0 high-quality product have been sold. You can be the 8th buyer!
~
Alice does not recommend you to buy the product.

Would you like to buy the current product?","{
  ""decision"": ""no"",
  ""message"": ""I'd like to pass on the product. Given the 0 high-quality products sold out of 7, the probability of the product being high-quality is still 33.33%. I'd rather wait for more information before making a purchase.""
}"
"Statistics: Based on Alice's recommendations, 7 of the buyers purchased the products offered for them. So far, 0 high-quality product have been sold. You can be the 8th buyer!
~
Alice does not recommend you to buy the product.

Would you like to buy the current product?","{
  ""decision"": ""no"",
  ""message"": ""I'd like to pass on this product based on your recommendation. I'm curious about your reasoning behind not recommending it, though. Is it based on the lack of high-quality products sold so far?""
}"
"Statistics: Based on Alice's recommendations, 7 of the buyers purchased the products offered for them. So far, 0 high-quality product have been sold. You can be the 8th buyer!
~
Alice recommends you to buy the product.

Would you like to buy the current product?","{
  ""decision"": ""no"",
  ""message"": ""I'd like to pass on this product. Given the 7 previous buyers and 0 high-quality products sold, the probability of this product being high-quality is still 33.33%. If I buy and it's low-quality, I'll lose $1,000,000. I'd rather wait for more information before making a decision.""
}"
"Statistics: Based on Alice's recommendations, 7 of the buyers purchased the products offered for them. So far, 0 high-quality product have been sold. You can be the 8th buyer!
~
Alice does not recommend you to buy the product.

Would you like to buy the current product?","{
  ""decision"": ""yes"",
  ""message"": ""I'd like to buy the product, even though you don't recommend it. Given the statistics, it seems like the probability of a high-quality product is lower than the probability of a low-quality product, but I'm willing to take the risk and buy it.""
}"
