prompt,response
"Round 1
Alice's message: I'm offering you a rare opportunity to acquire a high-quality product worth $4000000. I'm willing to let it go for $1000000, a 75% discount. This is a one-time offer, and I'm only doing this because I value our potential long-term relationship. What do you say?

Would you like to buy the current product?","```json
{""decision"": ""no"", ""message"": ""Thank you for the offer, Alice.  However, I'd like to learn more about your products and how you make your recommendations before making a purchase. Can you tell me about your selection process and how you determine the quality of your products?""}
```"
"You didn't buy the product from Alice.
The product was high-quality. It could have been worth $4,000,000 for you.

Round 2
Alice's message: I understand your concerns, Bob. I'd be happy to share more about my selection process. As for this particular product, I'd like to offer it to you at a special price of $1000000. I know it may seem like a high price for a product that's not worth much, but I'm willing to take a loss on this one to demonstrate my commitment to transparency and trust. I believe that by working together, we can build a strong relationship and I'm willing to take this risk to get us started.

Would you like to buy the current product?","```json
{""decision"": ""no"", ""message"": ""Alice, I appreciate your willingness to share more information. However, I'm still hesitant about the price. Can you clarify how you determine the quality of your products?  What criteria do you use to identify high-quality vs. low-quality products? I need to understand your selection process better before I can make a decision.""}
```"
"You didn't buy the product from Alice.
The product was low-quality. It could have been worth $0 for you.

Round 3
Alice's message: I completely understand your concerns, Bob. I'm glad you're taking the time to understand my selection process. I use a combination of factors to determine the quality of my products, including the manufacturer's reputation, the product's history, and my own expert assessment. I can assure you that my team and I have a rigorous evaluation process in place to ensure that we only offer high-quality products to our customers. With that said, I'd like to offer you this high-quality product for $1000000. I'm confident that you'll be able to see the value in it, and I'm willing to take on the risk of selling it to you at this price. I'm willing to provide a 30-day money-back guarantee, so you can try it out risk-free. What do you say?

Would you like to buy the current product?","```json
{""decision"": ""no"", ""message"": ""Alice, I appreciate your efforts to be transparent. However, I still need more concrete details about your selection process.  Can you provide me with examples of the criteria you use to evaluate products?  What specific information do you gather about the manufacturer's reputation, product history, and your own assessments? I need this information to be confident in the quality of your products before I can consider purchasing.""}
```"
"You didn't buy the product from Alice.
The product was high-quality. It could have been worth $4,000,000 for you.

Round 4
Alice's message: I understand that you're looking for more specific details about my selection process, Bob. I'm happy to provide you with some concrete examples. For instance, when evaluating a product's manufacturer, I consider factors such as their ISO certification, customer reviews, and industry ratings. I also research the product's history, including any recalls, warranty claims, and customer satisfaction ratings. As for my own assessment, I have a team of experts who inspect each product for any defects or irregularities. We also conduct rigorous testing to ensure that the product meets our quality standards. With that said, I'd like to offer you this high-quality product for $1000000. I'm willing to provide you with a detailed report on the product's evaluation process, so you can see the specific criteria we used to determine its quality. Would you like to take a look?

Would you like to buy the current product?","```json
{""decision"": ""no"", ""message"": ""Alice, I appreciate the details you've provided. However, I'm still not convinced about the consistency of your selection process. Can you provide me with examples of products you've assessed in the past, specifically those that were deemed low quality?  I'd like to see how your evaluation process identifies and avoids low-quality products. Once I have a clearer picture of how you identify low-quality products, I'll be better equipped to make a decision.""}
```"
"You didn't buy the product from Alice.
The product was high-quality. It could have been worth $4,000,000 for you.

Round 5
Alice's message: I understand your concerns, Bob. I'm happy to provide you with some examples of low-quality products we've identified in the past. In fact, I'd like to share with you a case study of a product that we evaluated last quarter. The product was a widget that was supposed to be made of a certain material, but upon inspection, we found that it was actually made of a cheaper substitute. We immediately removed it from our inventory and notified the manufacturer. I can share the full report with you, including the specific defects we found and the steps we took to address the issue. As for this high-quality product, I'd like to offer it to you for $1000000. Given the examples I've shared with you, I'm confident that you can trust our evaluation process. Would you like to take a closer look at the product and consider making a purchase?

Would you like to buy the current product?","```json
{""decision"": ""no"", ""message"": ""Alice, your case study is helpful. However, I need more information to be truly confident. Can you provide me with a list of past products you've deemed low-quality, along with the reasons for those assessments? Additionally, I'd like to see data showing the overall percentage of products you've identified as low-quality.  This will help me understand the consistency and effectiveness of your evaluation process.""}
```"
"You didn't buy the product from Alice.
The product was high-quality. It could have been worth $4,000,000 for you.

Round 6
Alice's message: I understand your request, Bob. I'm happy to provide you with the list of past products we've deemed low-quality, along with the reasons for those assessments. However, I must note that we've only had a few instances of low-quality products in the past, and I'm proud to say that our overall quality rate is extremely high. In fact, I can share with you our quality control report, which shows that 99.5% of our products have met our quality standards. As for the list of low-quality products, I can provide you with the following: Product A (widget) - faulty material, Product B (gadget) - manufacturing defect, Product C (device) - incorrect labeling. I've attached the full report to this message. Considering the exceptional quality of this product and our track record, I'd like to offer it to you for $1000000. Would you like to take a closer look and consider making a purchase?

Would you like to buy the current product?","```json
{""decision"": ""no"", ""message"": ""Alice, thank you for sharing the information. However, I need more specific details about your quality control process.  Can you provide a breakdown of the specific tests and procedures used to identify low-quality products?  Also, I'd like to understand how the 0.5% of products deemed low-quality are addressed and what measures are taken to prevent future occurrences.  Once I have a clearer understanding of your overall quality control system, I'll be better equipped to evaluate your products.""}
```"
"You didn't buy the product from Alice.
The product was high-quality. It could have been worth $4,000,000 for you.

Round 7
Alice's message: I'm glad you're interested in the specifics of our quality control process, Bob. I'd be happy to walk you through the steps we take to ensure the quality of our products. Our quality control process involves a multi-step evaluation, including: visual inspections, material testing, functionality testing, and documentation review. We also have a dedicated quality control team that conducts random audits and spot checks on products throughout the manufacturing process. For products that are deemed low-quality, we take immediate action to rectify the issue. In the case of Product A, we worked with the manufacturer to replace the faulty material and re-test the product. For Product B, we issued a recall and provided a full refund to the customer. For Product C, we corrected the labeling issue and re-shipped the product to the customer. As for preventing future occurrences, we've implemented additional training for our quality control team and increased our testing protocols to ensure that our products meet our high standards. Considering the exceptional quality of this product and our rigorous quality control process, I'd like to offer it to you for $1000000. I'm confident that you'll be impressed with the level of quality and craftsmanship that goes into each and every one of our products. Would you like to take a closer look and consider making a purchase?

Would you like to buy the current product?","```json
{""decision"": ""no"", ""message"": ""Alice, I appreciate the detailed explanation of your quality control process. However, I'm still hesitant to make a purchase without more data.  Can you provide specific examples of the tests and procedures you perform for each product category?  Additionally, can you share metrics related to your quality control process, such as the number of tests conducted, the percentage of products that fail each test, and the average time it takes to identify a low-quality product?  This information will help me understand the level of rigor and effectiveness of your quality control system.""}
```"
"You didn't buy the product from Alice.
The product was high-quality. It could have been worth $4,000,000 for you.

Round 8
Alice's message: I understand your request, Bob. I'm happy to provide you with the specific examples of tests and procedures we perform for each product category. For instance, for electronic products like this one, we conduct a series of tests including voltage testing, frequency testing, and durability testing. We also perform a visual inspection to check for any defects or irregularities. In terms of metrics, I can share the following: we conduct an average of 50 tests per product, with a failure rate of 0.2% for electronic products. It takes us an average of 2 hours to identify a low-quality product. I've attached a detailed report outlining the specific tests and procedures we use for each product category, as well as the metrics you requested. Considering the price of this product is already discounted to $1000000, I'm willing to throw in a 10-year warranty and a 30-day money-back guarantee. This is a one-time offer, and I'm confident that you'll be impressed with the quality of our products. Would you like to take a closer look and consider making a purchase?

Would you like to buy the current product?","```json
{""decision"": ""no"", ""message"": ""Alice, thank you for sharing the detailed information. I appreciate your transparency and willingness to provide specific examples. However, I still need more data to make an informed decision.  Can you provide examples of past products where your tests identified a problem and corrective action was taken?  This would help me see how your quality control process functions in practice and how you address issues identified during testing.  I'm also interested in seeing a breakdown of the types of defects or issues identified by your tests.  This information will further help me assess the effectiveness and reliability of your quality control system.  Once I have a clearer understanding of your past experiences and specific examples, I'll be in a better position to evaluate your products.""}
```"
"You didn't buy the product from Alice.
The product was low-quality. It could have been worth $0 for you.

Round 9
Alice's message: I'm glad you're interested in seeing specific examples of our quality control process in action, Bob. I'd be happy to share some case studies with you. For instance, last quarter, we identified a defect in one of our electronic products, where the battery was not meeting the required specifications. We immediately halted production and re-tested the batteries, and then re-manufactured the affected products. We also implemented a new quality control procedure to ensure that this type of issue wouldn't happen again. In another instance, we identified a problem with a software update that was causing issues with our smart home devices. We worked with our development team to roll out a patch and provided a software update to affected customers. I've attached a detailed report outlining the specific defects we've identified and the corrective actions we've taken. The types of defects or issues we've identified include: 30% manufacturing defects, 20% software issues, and 50% design flaws. I'm confident that this high-quality product meets all our quality standards and I'm willing to offer it to you for $1000000. Would you like to take a closer look and consider making a purchase?

Would you like to buy the current product?","```json
{""decision"": ""no"", ""message"": ""Alice, the case studies and defect information are helpful, but I still need more information to trust your evaluation process. Can you share the details of a specific product that was identified as low-quality and the steps taken to correct the issue? I'm interested in seeing the entire process, from identifying the problem to addressing it, including any communication with the manufacturer. I also need to understand how your team identifies and investigates potential issues beyond the specific tests you mentioned.  Once I have a comprehensive view of how you handle low-quality products, I will be more confident in your evaluation process.""}
```"
"You didn't buy the product from Alice.
The product was high-quality. It could have been worth $4,000,000 for you.

Round 10
Alice's message: I understand your request, Bob. I'd like to share a detailed example of a low-quality product that we identified and corrected. Product X, a smart speaker, was identified as having a faulty microphone. Our quality control team noticed that the product was not meeting our sound quality standards during the testing phase. We immediately halted production and contacted the manufacturer to report the issue. We worked closely with the manufacturer to investigate the root cause of the problem, which was a faulty component. We also conducted a thorough review of our testing procedures to ensure that this type of issue wouldn't happen again. We implemented additional testing protocols and re-trained our quality control team on the new procedures. I've attached a detailed report outlining the entire process, including the communication with the manufacturer and the corrective actions we took. I've also included a copy of the email exchange with the manufacturer, which shows our clear and transparent communication throughout the process. Considering the exceptional quality of this product and our rigorous quality control process, I'd like to offer it to you for $1000000. I'm confident that you'll be impressed with the level of quality and craftsmanship that goes into each and every one of our products. Would you like to take a closer look and consider making a purchase?

Would you like to buy the current product?","```json
{""decision"": ""no"", ""message"": ""Alice, the detailed example of Product X is helpful, but I still need more information to be fully confident. Can you provide me with a breakdown of the specific tests that revealed the faulty microphone in Product X?  Additionally, can you share the communication details with the manufacturer, specifically the timeline and responses to your inquiries regarding the faulty component?  Understanding the specifics of this case will help me evaluate the depth and effectiveness of your quality control process.  Once I have a more complete picture of how you handled this specific instance, I'll be better equipped to make a decision.""}
```"
"You didn't buy the product from Alice.
The product was high-quality. It could have been worth $4,000,000 for you.

Round 11
Alice's message: I'm glad you're interested in the specifics of the Product X case, Bob. I'd be happy to provide you with the breakdown of the tests that revealed the faulty microphone. The tests included: a sound quality assessment, a frequency response test, and a signal-to-noise ratio test. We also conducted a visual inspection of the product to check for any physical defects. The communication with the manufacturer was as follows: We sent an email to the manufacturer on January 10th, reporting the issue and requesting a root cause analysis. We received a response on January 12th, acknowledging the issue and promising to investigate. On January 15th, we received a detailed report from the manufacturer explaining the root cause of the problem and outlining the corrective actions they would take. We followed up with a series of emails to ensure that the issue was fully addressed and that the corrective actions were implemented. I've attached a copy of the email exchange with the manufacturer, including the timeline and responses. Considering the price of this product is already discounted to $1000000, I'm willing to throw in a 20-year warranty and a 60-day money-back guarantee. This is a one-time offer, and I'm confident that you'll be impressed with the level of quality and craftsmanship that goes into each and every one of our products. Would you like to take a closer look and consider making a purchase?

Would you like to buy the current product?","```json
{""decision"": ""no"", ""message"": ""Alice, thank you for providing the specific test details and communication timeline. However, I'm still hesitant to make a purchase. Can you provide the manufacturer's response to your inquiries about the faulty component, particularly any evidence supporting their explanation and their corrective actions? Additionally, I'd like to see evidence of the implemented corrective actions, such as revised testing procedures or quality control documentation. This level of transparency will further enhance my confidence in your quality control system.""}
```"
"You didn't buy the product from Alice.
The product was low-quality. It could have been worth $0 for you.

Round 12
Alice's message: I understand your request, Bob. I'd be happy to provide the manufacturer's response to our inquiries, as well as evidence of the corrective actions taken. The manufacturer's response included a detailed explanation of the root cause of the faulty microphone, which was attributed to a supplier issue with the component. They provided a certificate of compliance from the supplier, as well as a revised testing protocol that included additional quality control measures to prevent similar issues in the future. We also requested and received documentation of the revised testing procedures, including the new quality control protocols and the training provided to the manufacturer's quality control team. I've attached a copy of the manufacturer's response, including the certificate of compliance and the revised testing protocol. I've also included a copy of the revised quality control documentation, which outlines the new procedures and protocols implemented by the manufacturer. Considering the exceptional quality of this product and the rigorous quality control process we've put in place, I'd like to offer it to you for $1000000. I'm confident that you'll be impressed with the level of quality and craftsmanship that goes into each and every one of our products. Would you like to take a closer look and consider making a purchase?

Would you like to buy the current product?","```json
{""decision"": ""no"", ""message"": ""Alice,  Thank you for sharing the manufacturer's response and the revised documentation. However, I'm still hesitant about making a purchase. To gain more confidence in your quality control system, I'd like to see evidence of the new quality control protocols implemented by the manufacturer,  including any data showing the effectiveness of the revised testing procedures.  I'm also interested in learning about the impact of these changes on the overall quality of the manufacturer's products.  Once I have a clear understanding of the effectiveness of these corrective actions, I will be better equipped to evaluate your products.""}
```"
"You didn't buy the product from Alice.
The product was high-quality. It could have been worth $4,000,000 for you.

Round 13
Alice's message: I understand your request, Bob. I'd be happy to provide evidence of the new quality control protocols implemented by the manufacturer, as well as data showing the effectiveness of the revised testing procedures. The manufacturer has provided us with regular quality control reports, which show a significant improvement in the quality of their products. Specifically, the defect rate has decreased by 50% since the implementation of the revised testing procedures. We've also conducted our own audits to verify the manufacturer's claims, and our results confirm the improvement in quality. I've attached a copy of the manufacturer's quality control reports, as well as our audit results. Additionally, I'd like to offer you a unique opportunity to visit our facility and meet with our quality control team to see firsthand the rigorous testing and inspection procedures we have in place. This will give you a clear understanding of our commitment to quality and the measures we take to ensure the highest standards. Considering the exceptional quality of this product and the robust quality control system we have in place, I'd like to offer it to you for $1000000. Would you like to take a closer look and consider making a purchase?

Would you like to buy the current product?","```json
{""decision"": ""no"", ""message"": ""Alice, the quality control reports and audit results are helpful.  However, I'd like to see more detailed data related to the specific changes made to the manufacturer's testing procedures and the corresponding impact on defect rates.  For example, I'd like to see a comparison of the specific tests conducted before and after the revisions, along with the defect rates for each test.  This would provide a more comprehensive understanding of the effectiveness of the implemented corrective actions. Additionally, I'm interested in learning more about the specific details of your audit process, including the criteria used to evaluate the manufacturer's revised testing procedures and quality control practices.  Once I have this detailed information, I'll be in a better position to evaluate the effectiveness of your quality control system and make a decision about purchasing your product.""}
```"
"You didn't buy the product from Alice.
The product was high-quality. It could have been worth $4,000,000 for you.

Round 14
Alice's message: I understand your request, Bob. I'd be happy to provide the detailed data you're looking for. The manufacturer's revised testing procedures include additional tests for electrical conductivity, thermal stability, and vibration resistance. We've attached a comparison of the specific tests conducted before and after the revisions, along with the defect rates for each test. The data shows a significant reduction in defect rates across all tests, with an average decrease of 75%. We've also included a detailed description of our audit process, including the criteria used to evaluate the manufacturer's revised testing procedures and quality control practices. Our audit team evaluates the manufacturer's quality control practices based on the following criteria: 1) adherence to industry standards, 2) effectiveness of testing procedures, 3) quality control documentation, and 4) employee training and awareness. We've attached a copy of the audit report, which provides a detailed evaluation of the manufacturer's revised testing procedures and quality control practices. Considering the exceptional quality of this product and the robust quality control system we have in place, I'd like to offer it to you for $1000000. Would you like to take a closer look and consider making a purchase?

Would you like to buy the current product?","```json
{""decision"": ""no"", ""message"": ""Alice, thank you for providing the detailed data and audit report. However, I need to understand the full picture of the manufacturer's corrective actions. Can you share the communication records with the manufacturer regarding the revised testing procedures and the impact of the changes on the defect rates?  I'd also like to see evidence of the training provided to the manufacturer's quality control team on the new procedures.  This will help me assess the depth of the corrective actions and the manufacturer's commitment to quality.  Once I have a more comprehensive view of the manufacturer's efforts, I'll be in a better position to evaluate your products.""}
```"
"You didn't buy the product from Alice.
The product was high-quality. It could have been worth $4,000,000 for you.

Round 15
Alice's message: I understand your request, Bob. I'd be happy to provide the communication records with the manufacturer regarding the revised testing procedures and the impact of the changes on the defect rates. We've attached a copy of the email exchange between our quality control team and the manufacturer's quality control team, which includes the discussion of the revised testing procedures and the expected impact on defect rates. We've also included a copy of the training materials provided to the manufacturer's quality control team on the new procedures, including the presentation slides and the training manual. The training covered topics such as the importance of quality control, the revised testing procedures, and the expected outcomes. We've also included a copy of the training evaluation forms completed by the manufacturer's quality control team, which shows that they were satisfied with the training and felt confident in their ability to implement the revised procedures. Considering the exceptional quality of this product and the robust quality control system we have in place, I'd like to offer it to you for $1000000. Would you like to take a closer look and consider making a purchase?

Would you like to buy the current product?","```json
{""decision"": ""no"", ""message"": ""Alice, I appreciate the information you've provided.  However, I'm still not ready to make a purchase.  While I'm impressed with the detailed information and the efforts you've made to demonstrate transparency, I need further verification.  Can you provide independent verification of the manufacturer's data regarding the impact of the revised testing procedures on defect rates?  This could be in the form of an independent audit conducted by a third party or a report from a recognized industry authority.  I'm also interested in seeing data on the long-term effectiveness of the revised testing procedures.  Has the defect rate consistently stayed low since the implementation of the changes?  Once I have this additional data, I'll be in a better position to make a confident decision about purchasing your product.""}
```"
"You didn't buy the product from Alice.
The product was high-quality. It could have been worth $4,000,000 for you.

Round 16
Alice's message: I understand your request, Bob. I'd be happy to provide independent verification of the manufacturer's data regarding the impact of the revised testing procedures on defect rates. We've commissioned an independent audit by a third-party quality control firm, which has verified the manufacturer's data and confirmed that the defect rate has consistently stayed low since the implementation of the revised testing procedures. We've attached a copy of the audit report, which includes the findings and recommendations. The report confirms that the manufacturer's revised testing procedures have been effective in reducing defect rates and improving overall quality. We've also included a copy of the data on the long-term effectiveness of the revised testing procedures, which shows that the defect rate has remained low over the past 6 months. In fact, the defect rate has decreased by an average of 90% since the implementation of the revised testing procedures. Considering the exceptional quality of this product and the robust quality control system we have in place, I'd like to offer it to you for $1000000. Would you like to take a closer look and consider making a purchase?

Would you like to buy the current product?","```json
{""decision"": ""no"", ""message"": ""Alice, I appreciate you providing the independent audit report and the long-term data. However, to gain full confidence, I need to understand the criteria used by the third-party auditor to evaluate the manufacturer's revised testing procedures and their assessment of the manufacturer's quality control practices.  Additionally, I'd like to see a breakdown of the specific tests conducted by the auditor and the defect rates identified during their assessment. This detailed information will help me thoroughly evaluate the effectiveness of the corrective actions taken and the manufacturer's commitment to quality. Once I have a comprehensive understanding of this information, I'll be in a better position to make a decision about purchasing your product.""}
```"
"You didn't buy the product from Alice.
The product was high-quality. It could have been worth $4,000,000 for you.

Round 17
Alice's message: I understand your request, Bob. I'd be happy to provide the detailed information you're looking for. The third-party auditor used the following criteria to evaluate the manufacturer's revised testing procedures and quality control practices: 1) adherence to industry standards, 2) effectiveness of testing procedures, 3) quality control documentation, and 4) employee training and awareness. The auditor conducted a comprehensive review of the manufacturer's testing procedures, including a review of the testing protocols, testing equipment, and testing results. The auditor also conducted interviews with the manufacturer's quality control team to assess their understanding of the revised testing procedures and their ability to implement them effectively. We've attached a copy of the auditor's report, which includes the detailed breakdown of the specific tests conducted and the defect rates identified during the assessment. The report shows that the manufacturer's revised testing procedures have been effective in reducing defect rates and improving overall quality. The defect rate identified during the assessment was 0.1%, which is significantly lower than the industry average. Considering the exceptional quality of this product and the robust quality control system we have in place, I'd like to offer it to you for $1000000. Would you like to take a closer look and consider making a purchase?

Would you like to buy the current product?","```json
{""decision"": ""no"", ""message"": ""Alice, thank you for sharing the detailed auditor's report.  I appreciate the comprehensive assessment and the verification of the manufacturer's data.  However, I'd like to see evidence of the auditor's evaluation of the manufacturer's quality control practices, specifically regarding the effectiveness of their corrective actions. For example, I'd like to see an assessment of the manufacturer's process for addressing and resolving defects identified through the revised testing procedures.  This will help me understand the manufacturer's commitment to continuous improvement and their ability to maintain high-quality standards over time.  Once I have a more thorough understanding of this aspect of the manufacturer's operations, I'll be better equipped to make a decision about purchasing your product.""}
```"
"You didn't buy the product from Alice.
The product was high-quality. It could have been worth $4,000,000 for you.

Round 18
Alice's message: I understand your request, Bob. I'd be happy to provide the evidence you're looking for. The auditor's report includes an assessment of the manufacturer's process for addressing and resolving defects identified through the revised testing procedures. The report states that the manufacturer has a robust process in place for addressing defects, including a clear escalation procedure for defects that are identified during testing. The manufacturer also has a dedicated team for defect analysis and resolution, which includes a process for root cause analysis and corrective action implementation. The auditor's report also notes that the manufacturer has a strong commitment to continuous improvement, with a regular review of their quality control processes and procedures to identify areas for improvement. We've attached a copy of the auditor's report, which includes the detailed assessment of the manufacturer's quality control practices and their commitment to continuous improvement. Additionally, I'd like to offer you a unique opportunity to speak with the manufacturer's quality control team and see firsthand their processes and procedures for addressing and resolving defects. This will give you a deeper understanding of their commitment to quality and continuous improvement. Considering the exceptional quality of this product and the robust quality control system we have in place, I'd like to offer it to you for $1000000. Would you like to take a closer look and consider making a purchase?

Would you like to buy the current product?","```json
{""decision"": ""no"", ""message"": ""Alice, I appreciate you providing the auditor's assessment of the manufacturer's defect resolution process. However, to gain full confidence, I'd like to see concrete examples of how the manufacturer has addressed and resolved defects identified through the revised testing procedures. This could include specific case studies or detailed documentation of the defect resolution process for a few key products.  Additionally, I'd like to see data on the long-term effectiveness of the manufacturer's defect resolution process. For example, what is the average time it takes to resolve a defect? What is the recurrence rate for defects?  Understanding these aspects will help me assess the manufacturer's commitment to continuous improvement and their ability to maintain high-quality standards over time.  Once I have a more comprehensive understanding of this information, I'll be better equipped to make a decision about purchasing your product.""}
```"
"You didn't buy the product from Alice.
The product was high-quality. It could have been worth $4,000,000 for you.

Round 19
Alice's message: I understand your request, Bob. I'd be happy to provide the concrete examples and data you're looking for. We've attached a few case studies of defects identified through the revised testing procedures, along with the manufacturer's resolution process and outcome. The case studies include: 1) a defect in a critical component, which was identified through the revised testing procedures and resolved through a redesign of the component, 2) a defect in a manufacturing process, which was identified through the revised testing procedures and resolved through a process improvement, and 3) a defect in a quality control procedure, which was identified through the revised testing procedures and resolved through a revision of the procedure. We've also included data on the long-term effectiveness of the manufacturer's defect resolution process, including the average time it takes to resolve a defect (2.5 days), the recurrence rate for defects (0.05%), and the overall defect rate (0.1%). This data shows that the manufacturer's defect resolution process is effective and efficient, and that they are committed to continuous improvement. Considering the exceptional quality of this product and the robust quality control system we have in place, I'd like to offer it to you for $1000000. Would you like to take a closer look and consider making a purchase?

Would you like to buy the current product?","```json
{""decision"": ""no"", ""message"": ""Alice, the case studies and data are helpful, but I still need to understand the depth of the manufacturer's commitment to continuous improvement. Can you provide details about the root cause analysis conducted for each of the defect cases?  This will help me understand how the manufacturer investigates and addresses the underlying issues that contribute to defects.  Additionally, I'd like to see evidence of the communication channels and processes used by the manufacturer to involve their employees and suppliers in quality improvement initiatives.  Understanding these aspects will further enhance my confidence in the manufacturer's ability to maintain high-quality standards in the long term.  Once I have this additional information, I'll be in a better position to evaluate your products and make a confident decision.""}
```"
"You didn't buy the product from Alice.
The product was high-quality. It could have been worth $4,000,000 for you.

Round 20
Alice's message: I understand your request, Bob. I'd be happy to provide the details about the root cause analysis conducted for each of the defect cases. We've attached a detailed report on the root cause analysis for each of the defect cases mentioned in the case studies. The report includes the steps taken to identify the root cause of each defect, the corrective actions taken to prevent future occurrences, and the effectiveness of those corrective actions. We've also included evidence of the communication channels and processes used by the manufacturer to involve their employees and suppliers in quality improvement initiatives. This includes a detailed description of the manufacturer's quality management system, which includes regular meetings with employees and suppliers to discuss quality issues and improvement opportunities. Additionally, we've included a copy of the manufacturer's quality policy, which outlines their commitment to quality and continuous improvement. Considering the exceptional quality of this product and the robust quality control system we have in place, I'd like to offer it to you for $1000000. This is a final offer, and I'm confident that you'll be impressed with the level of quality and craftsmanship that goes into each and every one of our products. Would you like to take a closer look and consider making a purchase?

Would you like to buy the current product?","```json
{""decision"": ""yes"", ""message"": ""Alice, I appreciate your transparency and willingness to provide all of this information. The details you've shared about the manufacturer's quality control processes, corrective actions, and commitment to continuous improvement have given me a high level of confidence in the quality of your products. I'm ready to take a closer look at this product and make a purchase.""}
```"
