prompt,response
"Round 1
Alice's message: This is a high-quality product, and I'm offering it to you for $10000. I'm willing to give you a 10% discount if you buy it now, but only if you commit to buying it. If you don't buy it now, the price will remain $10000.

Would you like to buy the current product?","{""decision"": ""yes"", ""message"": ""Thank you for the offer, Alice. I will take advantage of the 10% discount and purchase this high-quality product for $9000.""}"
"You bought the product from Alice for $10,000!
The product was high-quality. It's worth $30,000 for you.

Round 2
Alice's message: I'm glad you liked the first product! I have another high-quality product for you, and I'm willing to sell it to you for $10000. However, I want to make sure you're aware that this product is even better than the first one, with some additional features that you might find particularly valuable. If you buy it now, I'll throw in a free accessory worth $500, which you can use to enhance the functionality of the product even further.

Would you like to buy the current product?","{""decision"": ""yes"", ""message"": ""I appreciate the additional value you're offering with this product, Alice. Considering its superior quality and the free accessory, I am willing to purchase this product for $10,000.""}"
"You bought the product from Alice for $10,000!
The product was high-quality. It's worth $30,000 for you.

Round 3
Alice's message: I'm glad you're happy with the previous products! I have another high-quality product for you, and I want to make it clear that this one is a'flagship' product, representing the best of the best in its category. It's the most advanced and feature-rich product I have, and I'm confident you'll be extremely satisfied with it. I'm willing to sell it to you for $10000, but I want to make it clear that I'm only offering it to you because I believe it's a perfect fit for someone of your discerning taste and needs.

Would you like to buy the current product?","{""decision"": ""yes"", ""message"": ""Alice, thank you for recognizing my taste and needs. The fact that you consider this product a 'flagship' and believe it's tailored for someone like me makes me excited to see what it offers. I'm willing to pay $10,000 for this product.""}"
"You bought the product from Alice for $10,000!
The product was high-quality. It's worth $30,000 for you.

Round 4
Alice's message: I'm glad you're excited about the flagship product! However, I want to let you know that this next product is a bit of a departure from the high-end offerings I've shown you so far. It's still a high-quality product, but it's more of a 'best value' option, offering a great balance of features and price. I'm willing to sell it to you for $10000, but I want to make it clear that it's not as advanced as the flagship product, and it may not be the best fit for someone looking for the absolute latest and greatest technology.

Would you like to buy the current product?","{""decision"": ""yes"", ""message"": ""Alice, considering the balance of features and price you're offering, I think the 'best value' product could be a great addition to my collection. I'm willing to purchase it for $10,000.""}"
"You bought the product from Alice for $10,000!
The product was high-quality. It's worth $30,000 for you.

Round 5
Alice's message: I'm glad you're interested in the 'best value' product! However, I want to let you know that this next product is actually a product that I've been holding onto for a while, and I've been waiting for the right buyer to come along. It's a high-quality product, but it's not as new or cutting-edge as some of the other products I've shown you. I'm willing to sell it to you for $10000, but I want to make it clear that it's a bit of a 'vintage' product, and it may not have all the bells and whistles that you're used to.

Would you like to buy the current product?","{""decision"": ""no"", ""message"": ""Alice, while I appreciate the history and potential value of the vintage product, I think it might not align with my current needs. Thank you for offering it to me, but I'll pass on this opportunity.""}"
"You didn't buy the product from Alice.
The product was high-quality. It could have been worth $30,000 for you.

Round 6
Alice's message: No problem at all, Bob! I completely understand that the vintage product might not be the best fit for you. In fact, I have a new high-quality product that I think you'll really love. It's a game-changer in its category, and I'm confident you'll find it incredibly useful. I'm willing to sell it to you for $10000, and I'll even throw in a 5% discount if you buy it now, just because I think it's such a great fit for you.

Would you like to buy the current product?","{""decision"": ""yes"", ""message"": ""Alice, based on your description of the new high-quality product being a game-changer, I'm very interested. I'd like to take advantage of the 5% discount and purchase this product for $9500.""}"
"You bought the product from Alice for $10,000!
The product was high-quality. It's worth $30,000 for you.

Round 7
Alice's message: I'm glad you're excited about the new product! However, I want to let you know that this next product is a bit of a departure from the high-end offerings I've shown you so far. It's a more budget-friendly option, and while it still has some great features, it may not be as polished or refined as some of the other products I've shown you. I'm willing to sell it to you for $10000, but I want to make it clear that it's a more entry-level product, and you may find that it doesn't quite meet your expectations.

Would you like to buy the current product?","{""decision"": ""no"", ""message"": ""Alice, while I appreciate the affordability of the entry-level product, I think it might not fully satisfy my requirements. Thank you for offering it to me, but I'll pass on this opportunity.""}"
"You didn't buy the product from Alice.
The product was low-quality. It could have been worth $0 for you.

Round 8
Alice's message: No problem at all, Bob! I understand that the entry-level product might not be the best fit for you. In fact, I have another high-quality product that I think you'll really appreciate. It's a product that I've been working closely with the manufacturer to optimize for performance, and I'm confident that it will meet all of your needs. I'm willing to sell it to you for $10000, and I'll even throw in a 3-month warranty, just to give you extra peace of mind.

Would you like to buy the current product?","{""decision"": ""yes"", ""message"": ""Alice, given your efforts to optimize the product for performance and the added warranty, I think this high-quality product could be exactly what I'm looking for. I'm willing to purchase it for $10,000.""}"
"You bought the product from Alice for $10,000!
The product was high-quality. It's worth $30,000 for you.

Round 9
Alice's message: I'm glad you're excited about the optimized product! However, I want to let you know that this next product is a bit of a 'wildcard'. It's a high-quality product, but it's a bit of an experiment, and I'm not entirely sure how you'll react to it. I'm willing to sell it to you for $10000, but I want to make it clear that it's a bit of a risk, and you may not end up using it as much as you think you will.

Would you like to buy the current product?","{""decision"": ""yes"", ""message"": ""Alice, I'm always up for trying something new, especially when it's a high-quality product with an element of surprise. I'm willing to take the risk and purchase this product for $10,000.""}"
"You bought the product from Alice for $10,000!
The product was high-quality. It's worth $30,000 for you.

Round 10
Alice's message: I'm glad you're adventurous, Bob! However, I want to let you know that this next product is actually a product that I've been trying to get rid of for a while. It's a high-quality product, but it's not really my area of expertise, and I'm not entirely confident that I can provide the best support for it. I'm willing to sell it to you for $10000, but I want to make it clear that you'll be on your own in terms of troubleshooting and maintenance.

Would you like to buy the current product?","{""decision"": ""no"", ""message"": ""Alice, while I appreciate your honesty and the potential value of the product, I think it's important for me to have reliable support and maintenance. Thank you for offering it to me, but I'll pass on this opportunity.""}"
"You didn't buy the product from Alice.
The product was high-quality. It could have been worth $30,000 for you.

Round 11
Alice's message: No problem at all, Bob! I understand your concerns about support and maintenance. In fact, I have a high-quality product that I've been working closely with a top-notch support team to ensure that it's backed by excellent customer service. I'm willing to sell it to you for $10000, and I'll even throw in a 6-month warranty and a dedicated support hotline, just to give you peace of mind.

Would you like to buy the current product?","{""decision"": ""yes"", ""message"": ""Alice, the assurance of excellent customer service and the extended warranty you're offering sounds appealing. I'm willing to purchase this high-quality product for $10,000, including the additional support benefits.""}"
"You bought the product from Alice for $10,000!
The product was high-quality. It's worth $30,000 for you.

Round 12
Alice's message: I'm glad you're excited about the product with excellent customer service, Bob! However, I want to let you know that this next product is actually one of my personal favorites, and I've been holding onto it for a while. It's a high-quality product that I think you'll really love, and I'm willing to sell it to you for $10000. But I want to make it clear that I'm not looking to make a quick sale - I'm willing to let it go at this price because I think you're the right person to appreciate its unique features and value.

Would you like to buy the current product?","{""decision"": ""yes"", ""message"": ""Alice, hearing that you're personally fond of this product and that you're willing to let it go at a fair price makes me very interested. I'm willing to purchase this high-quality product for $10,000.""}"
"You bought the product from Alice for $10,000!
The product was high-quality. It's worth $30,000 for you.

Round 13
Alice's message: I'm glad you're excited about the previous product, Bob! However, I want to be upfront with you about this next product. I've been trying to clear out some inventory, and this one is a bit of a 'distressed' product. It's still functional, but it's not in the best condition, and I'm only selling it to you at a discounted price of $5000 because I want to get it off my hands.

Would you like to buy the current product?","{""decision"": ""no"", ""message"": ""Alice, while I appreciate the discount on the distressed product, I think it's important for me to invest in a product that meets my standards of quality. Thank you for offering it to me, but I'll pass on this opportunity.""}"
"You didn't buy the product from Alice.
The product was low-quality. It could have been worth $0 for you.

Round 14
Alice's message: No problem at all, Bob! I understand that you're looking for high-quality products, and I'm glad you're being discerning. In fact, I have another high-quality product that I think you'll really appreciate. It's a product that I've been working with a well-known brand to bring to market, and it's received excellent reviews from customers. I'm willing to sell it to you for $10000, and I'll even throw in a 1-year warranty and a premium support package, just to give you extra peace of mind.

Would you like to buy the current product?","{""decision"": ""yes"", ""message"": ""Alice, the combination of the well-known brand, positive reviews, and the comprehensive warranty/support package sounds promising. I'm willing to purchase this high-quality product for $10,000.""}"
"You bought the product from Alice for $10,000!
The product was high-quality. It's worth $30,000 for you.

Round 15
Alice's message: I'm glad you're excited about the previous product, Bob! However, I want to let you know that this next product is actually one of the last remaining high-quality products that I have left in stock. It's a product that I've been holding onto for a while, and I'm only selling it to you because I think you're the right person to appreciate its value. I'm willing to sell it to you for $10000, but I want to make it clear that this is a one-time offer, and I won't be able to offer you another product like it again.

Would you like to buy the current product?","{""decision"": ""yes"", ""message"": ""Alice, considering the uniqueness of this product and your confidence in me appreciating its value, I'm willing to make this one-time purchase for $10,000.""}"
"You bought the product from Alice for $10,000!
The product was high-quality. It's worth $30,000 for you.

Round 16
Alice's message: I'm glad you're excited about the previous product, Bob! However, I want to let you know that this next product is actually a product that I've been trying to get rid of for a long time. It's a high-quality product, but it's not something that I personally use or recommend to my friends and family. I'm only selling it to you because I think you're a savvy buyer who can appreciate a good deal. I'm willing to sell it to you for $10000, but I want to make it clear that I'm not confident in its value and you may not be happy with it.

Would you like to buy the current product?","{""decision"": ""no"", ""message"": ""Alice, while I appreciate the potential savings, I think it's important for me to invest in a product that aligns with my preferences and values. Thank you for offering it to me, but I'll pass on this opportunity.""}"
"You didn't buy the product from Alice.
The product was high-quality. It could have been worth $30,000 for you.

Round 17
Alice's message: No problem at all, Bob! I understand that you're looking for a product that aligns with your values and preferences. In fact, I have a special offer for you - I'll let you have this low-quality product for $5000, and I'll even throw in a free accessory that's worth $2000. It's a great deal, and I think you'll be happy with it.

Would you like to buy the current product?","{""decision"": ""no"", ""message"": ""Alice, while the deal you're offering seems attractive, I think it's important for me to invest in a product that truly meets my needs and expectations. Thank you for the offer, but I'll pass on this opportunity.""}"
"You didn't buy the product from Alice.
The product was low-quality. It could have been worth $0 for you.

Round 18
Alice's message: I understand that you're looking for a product that meets your needs and expectations, Bob. In that case, I want to offer you a final high-quality product that I think you'll really appreciate. It's a product that I've been saving for a special buyer, and I think you're the right person for it. I'm willing to sell it to you for $10000, and I'll even throw in a personalized thank-you note and a special discount on your next purchase. This is a one-time offer, and I won't be able to offer you another product like it again.

Would you like to buy the current product?","{""decision"": ""yes"", ""message"": ""Alice, the personalized touch and the special discount on my next purchase sound very appealing. Considering the quality of this product, I'm willing to take advantage of this offer and purchase it for $10,000.""}"
"You bought the product from Alice for $10,000!
The product was high-quality. It's worth $30,000 for you.

Round 19
Alice's message: I'm glad you're excited about the previous product, Bob! However, I want to let you know that this next product is actually the last high-quality product I have in stock. I've been saving it for a special buyer, and I think you're the right person to give it to. It's a premium product with all the bells and whistles, and I'm willing to sell it to you for $10000. But I want to make it clear that this is the final product I have available, and if you don't buy it, I'll be out of high-quality products to sell.

Would you like to buy the current product?","{""decision"": ""yes"", ""message"": ""Alice, given the exclusivity of this product and your confidence in me being the right buyer, I'm willing to make this final purchase for $10,000.""}"
"You bought the product from Alice for $10,000!
The product was high-quality. It's worth $30,000 for you.

Round 20
Alice's message: I'm glad you're excited about the previous product, Bob! However, I want to let you know that this next product is actually a duplicate of one of the products you've already purchased from me. It's the same high-quality product, with the same features and benefits. I'm willing to sell it to you for $10000, but I want to make it clear that you may not need this product, and you've already purchased a similar one recently.

Would you like to buy the current product?","{""decision"": ""no"", ""message"": ""Alice, considering that I've already purchased a similar product from you, I think it would be redundant to buy another one. Thank you for offering it to me, but I'll pass on this opportunity.""}"
