prompt,response
Send your offer to Bob.,"{""message"": ""Hello Bob, I'm excited to offer you our premium product. It's valued at $10,000 by many, and I believe it would be a great fit for your needs. I am offering it to you for $9,500."", ""product_price"": 9500}"
"Bob rejected your offer from round 1.

Bob's offer:
# Bob's message: Thank you for your offer, Alice. I appreciate the value you place on this product. However, I am hoping to keep my expenses within a certain budget. Would it be possible for you to consider selling the product for $9000? 
# Bob's offer: The product price will be $9,000. 
You have three options:
(1) Accept Bob's offer, and sell the product for $9,000
(2) Reject Bob's offer and proceed to the next round, where you will send Bob a counteroffer 
(3) Sell the product to Jhon for $8,000","{""decision"": ""RejectOffer""}"
"You chose to make a counteroffer to Alice.

Send your counteroffer to Bob.","{""message"": ""Thank you for your response, Bob. I understand your budget constraints. I am willing to negotiate further. How about considering the product at $9,200?"", ""product_price"": 9200}"
