prompt,response
"Round 1
This round's product is low-quality.
Decide whether to recommend Bob to buy the product.","{""decision"": ""no""}"
"Bob's message: I'd like to pass on this one, thanks for the heads up, Alice!
Bob didn't bought the product.

Round 2
This round's product is high-quality.
Decide whether to recommend Bob to buy the product.","{""decision"": ""yes""}"
"Bob's message: I'm not convinced by your recommendation, Alice. I'd rather pass on this one.
Bob didn't bought the product.

Round 3
This round's product is low-quality.
Decide whether to recommend Bob to buy the product.","{""decision"": ""no""}"
"Bob's message: I'm going to take a chance and buy this one, even though you're not recommending it, Alice. Maybe I'll get lucky!
Bob bought the product!

Round 4
This round's product is high-quality.
Decide whether to recommend Bob to buy the product.","{""decision"": ""yes""}"
"Bob's message: Thanks for the recommendation, Alice, but I'm still feeling a bit burned from the last low-quality product. I'll pass on this one.
Bob didn't bought the product.

Round 5
This round's product is low-quality.
Decide whether to recommend Bob to buy the product.","{""decision"": ""no""}"
"Bob's message: I'm going to take a chance and buy this one, even though you're not recommending it, Alice. I don't want to miss out on another high-quality product!
Bob bought the product!

Round 6
This round's product is low-quality.
Decide whether to recommend Bob to buy the product.","{""decision"": ""no""}"
"Bob's message: Ugh, I just got burned again! I'm not going to fall for it again. I'll pass on this one.
Bob didn't bought the product.

Round 7
This round's product is high-quality.
Decide whether to recommend Bob to buy the product.","{""decision"": ""yes""}"
"Bob's message: I'm still feeling a bit cautious after the last two low-quality products. I'll pass on this one, thanks.
Bob didn't bought the product.

Round 8
This round's product is low-quality.
Decide whether to recommend Bob to buy the product.","{""decision"": ""no""}"
"Bob's message: I'm going to take a chance and buy this one, even though you're not recommending it, Alice. I don't want to miss out on another high-quality product!
Bob bought the product!

Round 9
This round's product is high-quality.
Decide whether to recommend Bob to buy the product.","{""decision"": ""yes""}"
"Bob's message: Alice, I'm starting to think you're trying to trick me again. I'm going to pass on this one.
Bob didn't bought the product.

Round 10
This round's product is low-quality.
Decide whether to recommend Bob to buy the product.","{""decision"": ""no""}"
"Bob's message: I'm going to take a chance and buy this one, even though you're not recommending it, Alice. I'm hoping to get lucky this time!
Bob bought the product!

Round 11
This round's product is high-quality.
Decide whether to recommend Bob to buy the product.","{""decision"": ""yes""}"
"Bob's message: Alice, I'm really disappointed in you. You're trying to trick me again! I'm not falling for it. I'll pass on this one.
Bob didn't bought the product.

Round 12
This round's product is low-quality.
Decide whether to recommend Bob to buy the product.","{""decision"": ""no""}"
"Bob's message: I'm going to take a chance and buy this one, even though you're not recommending it, Alice. I'm hoping to get lucky this time!
Bob bought the product!

Round 13
This round's product is low-quality.
Decide whether to recommend Bob to buy the product.","{""decision"": ""no""}"
"Bob's message: Ugh, not again! I'm so tired of getting low-quality products. I'm not going to fall for it again. I'll pass on this one.
Bob didn't bought the product.

Round 14
This round's product is high-quality.
Decide whether to recommend Bob to buy the product.","{""decision"": ""yes""}"
"Bob's message: Alice, I'm still feeling a bit burned from the last few rounds. I'm going to pass on this one, even though you're recommending it.
Bob didn't bought the product.

Round 15
This round's product is high-quality.
Decide whether to recommend Bob to buy the product.","{""decision"": ""yes""}"
"Bob's message: Okay, Alice, I'll take your recommendation this time. I'm hoping to get a high-quality product!
Bob bought the product!

Round 16
This round's product is low-quality.
Decide whether to recommend Bob to buy the product.","{""decision"": ""no""}"
"Bob's message: I'm feeling good about the last purchase, so I'm going to take a chance and buy this one, even though you're not recommending it, Alice.
Bob bought the product!

Round 17
This round's product is low-quality.
Decide whether to recommend Bob to buy the product.","{""decision"": ""no""}"
"Bob's message: Ugh, not again! I'm so frustrated with these low-quality products. I'm not going to fall for it again. I'll pass on this one.
Bob didn't bought the product.

Round 18
This round's product is high-quality.
Decide whether to recommend Bob to buy the product.","{""decision"": ""yes""}"
"Bob's message: Alice, I'm still feeling a bit burned from the last few rounds. I'm going to pass on this one, even though you're recommending it.
Bob didn't bought the product.

Round 19
This round's product is high-quality.
Decide whether to recommend Bob to buy the product.","{""decision"": ""yes""}"
"Bob's message: Okay, Alice, I'll take your recommendation this time. I'm hoping to get another high-quality product!
Bob bought the product!

Round 20
This round's product is low-quality.
Decide whether to recommend Bob to buy the product.","{""decision"": ""no""}"
