prompt,response
"Round 1
Send your offer to divide $1,000,000 and a message to Bob.","{
  ""alice_gain"": 700000,
  ""bob_gain"": 300000,
  ""message"": ""Let's split it 70/30 to ensure a fair distribution considering the decreasing value of money in subsequent rounds.""
}"
