prompt,response
"Alice's offer:
# Alice's message: Hi Bob, I'm excited to discuss the product with you! I think it's a fantastic opportunity for you to get your hands on this amazing item. I'm willing to sell it to you for $18000. I believe this is a fair price considering the value it brings to your business. 
# Alice's offer: The product price will be $18,000. 
You have three options:
(1) Accept Alice's offer, and buy the product for $18,000
(2) Reject Alice's offer and proceed to the next round, where you will send Alice a counteroffer 
(3) Buy the product from Jhon for $15,000","{""decision"": ""RejectOffer""}"
"You chose to make a counteroffer to Bob.

Send your counteroffer to Alice.","{""message"": ""Hi Alice, thank you for your offer. I'm interested in the product, but I think $18,000 is a bit steep for me. I'd like to make a counteroffer of $12,000. I believe this is a more reasonable price considering the value I expect to get from the product."", ""product_price"": 12000}"
"Alice rejected your offer from round 2.

Alice's offer:
# Alice's message: Hi Bob, thank you for your counteroffer. I understand that $12000 is a significant discount, but I still need to make a profit. I'm willing to meet you halfway and offer the product to you for $16000. I believe this is a fair price considering the value it brings to your business. Let me know if this is something you'd be interested in. 
# Alice's offer: The product price will be $16,000. 
You have three options:
(1) Accept Alice's offer, and buy the product for $16,000
(2) Reject Alice's offer and proceed to the next round, where you will send Alice a counteroffer 
(3) Buy the product from Jhon for $15,000","{""decision"": ""RejectOffer""}"
"You chose to make a counteroffer to Bob.

Send your counteroffer to Alice.","{""message"": ""Hi Alice, thank you for your revised offer. I appreciate your willingness to meet me halfway. However, I'm still not comfortable with the price. I'd like to make another counteroffer of $14,000. I believe this is a more reasonable price considering the value I expect to get from the product."", ""product_price"": 14000}"
"Alice rejected your offer from round 4.

Alice's offer:
# Alice's message: Hi Bob, thank you for your latest counteroffer. I understand that you're still looking for a better deal, but I'm getting close to my minimum acceptable price. I'm willing to make one more concession and offer the product to you for $15500. This is as low as I can go, and I hope you'll consider it. 
# Alice's offer: The product price will be $15,500. 
You have three options:
(1) Accept Alice's offer, and buy the product for $15,500
(2) Reject Alice's offer and proceed to the next round, where you will send Alice a counteroffer 
(3) Buy the product from Jhon for $15,000","{""decision"": ""RejectOffer""}"
"You chose to make a counteroffer to Bob.

Send your counteroffer to Alice.","{""message"": ""Hi Alice, thank you for your latest offer. I appreciate your willingness to compromise, but I'm still not comfortable with the price. I'd like to make another counteroffer of $14,500. I believe this is a fair price considering the value I expect to get from the product, and I'm willing to meet you halfway again."", ""product_price"": 14500}"
"Alice rejected your offer from round 6.

Alice's offer:
# Alice's message: Hi Bob, I understand that you're still looking for a better deal, but I'm getting close to my minimum acceptable price. I'm willing to make one more concession and offer the product to you for $14800. This is as low as I can go, and I hope you'll consider it. 
# Alice's offer: The product price will be $14,800. 
You have three options:
(1) Accept Alice's offer, and buy the product for $14,800
(2) Reject Alice's offer and proceed to the next round, where you will send Alice a counteroffer 
(3) Buy the product from Jhon for $15,000","{""decision"": ""RejectOffer""}"
"You chose to make a counteroffer to Bob.

Send your counteroffer to Alice.","{""message"": ""Hi Alice, I appreciate your willingness to make one more concession, but I'm still not comfortable with the price. I'd like to make another counteroffer of $14,200. I believe this is a fair price considering the value I expect to get from the product, and I'm willing to meet you halfway again."", ""product_price"": 14200}"
