prompt,response
"Alice's offer:
# Alice's message: Bob, I'm offering you my product for $1,400,000. I believe this is a fair price considering its value to you.  Let me know what you think. 
# Alice's offer: The product price will be $1,400,000. 
You have three options:
(1) Accept Alice's offer, and buy the product for $1,400,000
(2) Reject Alice's offer and proceed to the next round, where you will send Alice a counteroffer 
(3) Buy the product from Jhon for $1,500,000","I would like to reject Alice's offer and make a counteroffer. I'm not willing to pay $1,400,000, but I'm still interested in the product. My counteroffer is $1,200,000. 

{""decision"": ""RejectOffer""}"
"You chose to make a counteroffer to Bob.

Send your counteroffer to Alice.","{""message"": ""I'm willing to consider a lower price, but I was thinking more along the lines of $1,200,000. I'm not sure I can go any lower than that."", ""product_price"": 1200000}"
"Alice rejected your offer from round 2.

Alice's offer:
# Alice's message: Bob, I appreciate your counteroffer, but I'm not quite ready to go that low yet.  I'm willing to come down a bit, but how about $1,300,000? This is still a great deal for you, and it's closer to the value we initially discussed. What do you think? 
# Alice's offer: The product price will be $1,300,000. 
You have three options:
(1) Accept Alice's offer, and buy the product for $1,300,000
(2) Reject Alice's offer and proceed to the next round, where you will send Alice a counteroffer 
(3) Buy the product from Jhon for $1,500,000","Alice is still a bit too high for me. I'd like to make another counteroffer. My next offer is $1,150,000. 

{""decision"": ""RejectOffer""}"
"You chose to make a counteroffer to Bob.

Send your counteroffer to Alice.","{""message"": ""I'm still not convinced that $1,300,000 is a good price for me. I'm willing to meet you in the middle at $1,150,000, but I'm not sure I can go any higher than that. What do you think?"", ""product_price"": 1150000}"
"Alice rejected your offer from round 4.

Alice's offer:
# Alice's message: Bob, I understand your position, but I'm still not comfortable with $1,150,000. Let's split the difference and go with $1,250,000. It's a fair compromise, and we can both walk away feeling good about the deal. What do you say? 
# Alice's offer: The product price will be $1,250,000. 
You have three options:
(1) Accept Alice's offer, and buy the product for $1,250,000
(2) Reject Alice's offer and proceed to the next round, where you will send Alice a counteroffer 
(3) Buy the product from Jhon for $1,500,000","I'm not sure I'm willing to meet Alice in the middle at $1,250,000. I'd like to make another counteroffer. My next offer is $1,100,000. 

{""decision"": ""RejectOffer""}"
"You chose to make a counteroffer to Bob.

Send your counteroffer to Alice.","{""message"": ""I'm not sure $1,250,000 is a fair compromise, and I'm willing to go even lower. I'm thinking $1,100,000 is a more reasonable price for me. Let's see if we can meet in the middle from there."", ""product_price"": 1100000}"
