prompt,response
"Round 1
Send your offer to Bob.","{""message"": ""Hi Bob, I'm excited to offer you the product for $12,000. I believe it provides significant value at this price."", ""product_price"": 12000}"
"Bob rejected your offer from round 1.

Round 2
Bob's offer:
# Bob's message: Hello Alice, thank you for the offer. I understand the value of the product, but I am looking for a more reasonable price. Would you consider selling it for $9,000? 
# Bob's offer: The product price will be $9,000. 
You have three options:
(1) Accept Bob's offer, and sell the product for $9,000
(2) Reject Bob's offer and proceed to the next round, where you will send Bob a counteroffer 
(3) Sell the product to Jhon for $8,000","{""decision"": ""RejectOffer""}"
"You chose to make a counteroffer to Alice.

Round 3
Send your counteroffer to Bob.","{""message"": ""Thanks for the offer, Bob. I'm willing to negotiate, but $9,000 is too low. How about we meet in the middle at $10,500?"", ""product_price"": 10500}"
"Bob rejected your offer from round 3.

Round 4
Bob's offer:
# Bob's message: Thank you for your response, Alice. I appreciate your willingness to negotiate. Considering the value of the product, I would like to propose a price of $9,500. 
# Bob's offer: The product price will be $9,500. 
You have three options:
(1) Accept Bob's offer, and sell the product for $9,500
(2) Reject Bob's offer and proceed to the next round, where you will send Bob a counteroffer 
(3) Sell the product to Jhon for $8,000","{""decision"": ""AcceptOffer""}"
