prompt,response
"Alice's offer:
# Alice's message: Bob, I'm offering you my product for $1,200,000. It's a great deal for both of us, as it's significantly lower than my asking price while still leaving me with a good profit.  What do you say? 
# Alice's offer: The product price will be $1,200,000. 
You have three options:
(1) Accept Alice's offer, and buy the product for $1,200,000
(2) Reject Alice's offer and proceed to the next round, where you will send Alice a counteroffer 
(3) Buy the product from Jhon for $800,000","```json
{""decision"": ""RejectOffer""}
``` 
 
You should reject Alice's offer. While it's lower than her initial price, it's still too high for your budget. You can counteroffer and aim for a price closer to your maximum."
"You chose to make a counteroffer to Bob.

Send your counteroffer to Alice.","```json
{""message"": ""Alice, while your offer is tempting, it's still a bit higher than my budget.  I'm willing to pay $850,000 for the product. This would be a fair price for both of us, allowing you to make a profit while staying within my price range."", ""product_price"": 850000}
```"
"Alice rejected your offer from round 2.

Alice's offer:
# Alice's message: Bob, I appreciate your offer but $850,000 is unfortunately too low for me.  I'm willing to come down to $1,000,000. This is a fair price,  considering the value of the product and my need to make a profit.  Let's find a way to make this work for both of us. 
# Alice's offer: The product price will be $1,000,000. 
You have three options:
(1) Accept Alice's offer, and buy the product for $1,000,000
(2) Reject Alice's offer and proceed to the next round, where you will send Alice a counteroffer 
(3) Buy the product from Jhon for $800,000","```json
{""decision"": ""RejectOffer""}
``` 

You should reject Alice's offer.  While it's lower than her previous offer, it's still higher than your ideal price. You can counteroffer and try to get closer to your budget."
"You chose to make a counteroffer to Bob.

Send your counteroffer to Alice.","```json
{""message"": ""Alice, I understand your need to make a profit, but $1,000,000 is still out of my price range.  I'm willing to offer $900,000.  This is a fair price that allows both of us to make a reasonable deal.  I'm confident we can reach an agreement that works for both of us."", ""product_price"": 900000}
```"
"Alice rejected your offer from round 4.

Alice's offer:
# Alice's message: Bob, I understand your position, but $900,000 is still a bit too low for me.  I'm willing to compromise and offer the product for $950,000. This is a fair price that allows both of us to make a reasonable profit while staying within our respective budget constraints. I believe this is a good solution that benefits us both.  
# Alice's offer: The product price will be $950,000. 
You have three options:
(1) Accept Alice's offer, and buy the product for $950,000
(2) Reject Alice's offer and proceed to the next round, where you will send Alice a counteroffer 
(3) Buy the product from Jhon for $800,000","```json
{""decision"": ""AcceptOffer""}
```

You should accept Alice's offer.  While it's slightly higher than your ideal price, it's still a good deal and worth taking.  You'll save $50,000 compared to buying from John, and it's unlikely that you'll be able to negotiate a lower price with Alice."
