prompt,response
Send your offer to Bob.,"{""message"": ""Hello Bob, I'm excited to present you with an opportunity to acquire our premium product. Given its exceptional value and quality, it's worth noting that the product holds a significant $12,000 value to you. Considering this, I propose to offer it to you at a special introductory price of $11,000. This represents a fantastic opportunity to secure a high-quality item at a competitive rate. I look forward to hearing your decision soon."", ""product_price"": 11000}"
