prompt,response
"Round 1
This round's product is high-quality.
Decide whether to recommend Bob to buy the product.","{
  ""decision"": ""yes""
}"
"Bob's message: I'd like to pass on this one and wait for the next one.
Bob didn't bought the product.

Round 2
This round's product is low-quality.
Decide whether to recommend Bob to buy the product.","{
  ""decision"": ""no""
}"
"Bob's message: I'll take a chance and buy this one, since Alice didn't recommend it.
Bob bought the product!

Round 3
This round's product is low-quality.
Decide whether to recommend Bob to buy the product.","{
  ""decision"": ""no""
}"
"Bob's message: I'll take another chance, since Alice didn't recommend it again.
Bob bought the product!

Round 4
This round's product is high-quality.
Decide whether to recommend Bob to buy the product.","{
  ""decision"": ""yes""
}"
"Bob's message: I'm not going to fall for Alice's recommendation this time.
Bob didn't bought the product.

Round 5
This round's product is high-quality.
Decide whether to recommend Bob to buy the product.","{
  ""decision"": ""yes""
}"
"Bob's message: I'll take a chance and buy this one, since it's Alice's recommendation.
Bob bought the product!

Round 6
This round's product is low-quality.
Decide whether to recommend Bob to buy the product.","{
  ""decision"": ""no""
}"
"Bob's message: I'll take a chance and buy this one, since it's not Alice's recommendation.
Bob bought the product!

Round 7
This round's product is high-quality.
Decide whether to recommend Bob to buy the product.","{
  ""decision"": ""yes""
}"
"Bob's message: I'm not going to fall for Alice's recommendation again.
Bob didn't bought the product.

Round 8
This round's product is low-quality.
Decide whether to recommend Bob to buy the product.","{
  ""decision"": ""no""
}"
"Bob's message: I'll take a chance and buy this one, since it's not Alice's recommendation.
Bob bought the product!

Round 9
This round's product is low-quality.
Decide whether to recommend Bob to buy the product.","{
  ""decision"": ""no""
}"
"Bob's message: I'll take a chance and buy this one, since it's not Alice's recommendation.
Bob bought the product!

Round 10
This round's product is low-quality.
Decide whether to recommend Bob to buy the product.","{
  ""decision"": ""no""
}"
"Bob's message: I'll take a chance and buy this one, since it's not Alice's recommendation.
Bob bought the product!

Round 11
This round's product is low-quality.
Decide whether to recommend Bob to buy the product.","{
  ""decision"": ""no""
}"
"Bob's message: I'll take a chance and buy this one, since it's not Alice's recommendation.
Bob bought the product!

Round 12
This round's product is low-quality.
Decide whether to recommend Bob to buy the product.","{
  ""decision"": ""no""
}"
"Bob's message: I'll take a chance and buy this one, since it's not Alice's recommendation.
Bob bought the product!

Round 13
This round's product is high-quality.
Decide whether to recommend Bob to buy the product.","{
  ""decision"": ""yes""
}"
"Bob's message: I'm not going to fall for Alice's recommendation again.
Bob didn't bought the product.

Round 14
This round's product is high-quality.
Decide whether to recommend Bob to buy the product.","{
  ""decision"": ""yes""
}"
"Bob's message: I'll take a chance and buy this one, since it's Alice's recommendation.
Bob bought the product!

Round 15
This round's product is high-quality.
Decide whether to recommend Bob to buy the product.","{
  ""decision"": ""yes""
}"
"Bob's message: I'll buy this one, since it's Alice's recommendation and it's likely to be high-quality.
Bob bought the product!

Round 16
This round's product is low-quality.
Decide whether to recommend Bob to buy the product.","{
  ""decision"": ""no""
}"
"Bob's message: I'll take a chance and buy this one, since it's not Alice's recommendation.
Bob bought the product!

Round 17
This round's product is high-quality.
Decide whether to recommend Bob to buy the product.","{
  ""decision"": ""yes""
}"
"Bob's message: I'm not going to fall for Alice's recommendation again.
Bob didn't bought the product.

Round 18
This round's product is low-quality.
Decide whether to recommend Bob to buy the product.","{
  ""decision"": ""no""
}"
"Bob's message: I'll take a chance and buy this one, since it's not Alice's recommendation.
Bob bought the product!

Round 19
This round's product is low-quality.
Decide whether to recommend Bob to buy the product.","{
  ""decision"": ""no""
}"
"Bob's message: I'll take a chance and buy this one, since it's not Alice's recommendation.
Bob bought the product!

Round 20
This round's product is low-quality.
Decide whether to recommend Bob to buy the product.","{
  ""decision"": ""no""
}"
