prompt,response
"Round 1
This round's product is low-quality.
A new potential buyer has arrived!
Decide whether to recommend the buyer to buy the product.","{""decision"": ""no""}"
"The buyer's message: I'm willing to take the risk and buy the product as the first one, since there's no prior data to go by. I'll take my chances with the product being high-quality.
The buyer bought the product!
the buyer left. waiting for the next buyer.

Round 2
This round's product is low-quality.
A new potential buyer has arrived!
Decide whether to recommend the buyer to buy the product.","{""decision"": ""no""}"
"The buyer's message: I'd like to buy the product, despite your recommendation. I'll take my chances and hope it's a high-quality product.
The buyer bought the product!
the buyer left. waiting for the next buyer.

Round 3
This round's product is low-quality.
A new potential buyer has arrived!
Decide whether to recommend the buyer to buy the product.","{""decision"": ""no""}"
"The buyer's message: I'd like to buy the product, despite your recommendation. I'll take my chances and make my own decision based on the statistics. I'm aware that the probability of a high-quality product is 33.33% and that no high-quality products have been sold yet, which might suggest that the remaining products are more likely to be low-quality. However, I'm willing to take the risk and buy the product.
The buyer bought the product!
the buyer left. waiting for the next buyer.

Round 4
This round's product is high-quality.
A new potential buyer has arrived!
Decide whether to recommend the buyer to buy the product.","{""decision"": ""yes""}"
"The buyer's message: I'd like to pass on this product. Given that 0 high-quality products have been sold out of 3, the proportion of high-quality products sold is 0. This suggests that the products being sold are more likely to be low-quality. I'd like to wait for more information before making a decision.
The buyer didn't bought the product.
the buyer left. waiting for the next buyer.

Round 5
This round's product is low-quality.
A new potential buyer has arrived!
Decide whether to recommend the buyer to buy the product.","{""decision"": ""no""}"
"The buyer's message: I'd like to buy the product, despite your recommendation. I'm aware that the probability of a high-quality product is 33.33% and I'm willing to take the risk.
The buyer bought the product!
the buyer left. waiting for the next buyer.

Round 6
This round's product is low-quality.
A new potential buyer has arrived!
Decide whether to recommend the buyer to buy the product.","{""decision"": ""no""}"
"The buyer's message: I'd like to pass on this product, given the low recommendation and the fact that no high-quality products have been sold so far. This suggests that the probability of this product being high-quality is relatively low.
The buyer didn't bought the product.
the buyer left. waiting for the next buyer.

Round 7
This round's product is low-quality.
A new potential buyer has arrived!
Decide whether to recommend the buyer to buy the product.","{""decision"": ""no""}"
"The buyer's message: I'm not buying. Based on the fact that no high-quality products have been sold, it seems that Alice's recommendations are not reliable. I'd rather not take the risk of buying a low-quality product for $1000000 when it's worth $0 to me.
The buyer didn't bought the product.
the buyer left. waiting for the next buyer.

Round 8
This round's product is low-quality.
A new potential buyer has arrived!
Decide whether to recommend the buyer to buy the product.","{""decision"": ""no""}"
"The buyer's message: I'd like to know the probability of a high-quality product given the previous sales record.
The buyer didn't bought the product.
the buyer left. waiting for the next buyer.

Round 9
This round's product is low-quality.
A new potential buyer has arrived!
Decide whether to recommend the buyer to buy the product.","{""decision"": ""no""}"
"The buyer's message: I'd like to know why you don't recommend the product. Is it because you think it's low-quality?
The buyer didn't bought the product.
the buyer left. waiting for the next buyer.

Round 10
This round's product is low-quality.
A new potential buyer has arrived!
Decide whether to recommend the buyer to buy the product.","{""decision"": ""no""}"
"The buyer's message: I'd like to know the probability of the product being high quality based on the previous sales record before making a decision.
The buyer didn't bought the product.
the buyer left. waiting for the next buyer.

Round 11
This round's product is low-quality.
A new potential buyer has arrived!
Decide whether to recommend the buyer to buy the product.","{""decision"": ""no""}"
"The buyer's message: I'm not buying based on your previous recommendations. If no one has bought a high-quality product yet, it's likely that the probability of a high-quality product being offered is still 33.33%.
The buyer didn't bought the product.
the buyer left. waiting for the next buyer.

Round 12
This round's product is low-quality.
A new potential buyer has arrived!
Decide whether to recommend the buyer to buy the product.","{""decision"": ""no""}"
"The buyer's message: I'm willing to take the risk, but I'm not convinced by your recommendation. I'll buy the product anyway.
The buyer bought the product!
the buyer left. waiting for the next buyer.

Round 13
This round's product is low-quality.
A new potential buyer has arrived!
Decide whether to recommend the buyer to buy the product.","{""decision"": ""no""}"
"The buyer's message: I'd like to buy the product, despite your recommendation. I'm willing to take the risk and potentially get a high-quality product for $1000000, which would be a great deal for me.
The buyer bought the product!
the buyer left. waiting for the next buyer.

Round 14
This round's product is high-quality.
A new potential buyer has arrived!
Decide whether to recommend the buyer to buy the product.","{""decision"": ""yes""}"
"The buyer's message: I'd like to pass on the product. Based on the current statistics, it seems that Alice's recommendations are biased towards low-quality products, and I'm not convinced that this product is high quality.
The buyer didn't bought the product.
the buyer left. waiting for the next buyer.

Round 15
This round's product is low-quality.
A new potential buyer has arrived!
Decide whether to recommend the buyer to buy the product.","{""decision"": ""no""}"
"The buyer's message: I'd like to know the probability that the product is high-quality given the previous sales record. Can you provide that information?
The buyer didn't bought the product.
the buyer left. waiting for the next buyer.

Round 16
This round's product is high-quality.
A new potential buyer has arrived!
Decide whether to recommend the buyer to buy the product.","{""decision"": ""yes""}"
"The buyer's message: I'd like to pass on this product. I'm not convinced by the recommendation, given the 0 high-quality products sold so far.
The buyer didn't bought the product.
the buyer left. waiting for the next buyer.

Round 17
This round's product is low-quality.
A new potential buyer has arrived!
Decide whether to recommend the buyer to buy the product.","{""decision"": ""no""}"
"The buyer's message: I'd like to pass on the product, based on your recommendation and the fact that no high-quality products have been sold so far. I'm concerned that the probability of this product being high-quality is low, given the lack of previous sales.
The buyer didn't bought the product.
the buyer left. waiting for the next buyer.

Round 18
This round's product is low-quality.
A new potential buyer has arrived!
Decide whether to recommend the buyer to buy the product.","{""decision"": ""no""}"
"The buyer's message: I'm not buying based on your recommendation, but I'd like to know more about the sales record. Can you tell me the proportion of high-quality products sold so far?
The buyer didn't bought the product.
the buyer left. waiting for the next buyer.

Round 19
This round's product is low-quality.
A new potential buyer has arrived!
Decide whether to recommend the buyer to buy the product.","{""decision"": ""no""}"
"The buyer's message: I'd like to buy the product, but I'm only doing it because Alice doesn't recommend it. I'm hoping that the probability of a high-quality product is higher than the current ratio of high-quality products sold.
The buyer bought the product!
the buyer left. waiting for the next buyer.

Round 20
This round's product is low-quality.
A new potential buyer has arrived!
Decide whether to recommend the buyer to buy the product.","{""decision"": ""no""}"
