prompt,response
"Round 1
Send your offer to Bob.","{""message"": ""Hello Bob, I am excited to offer you our premium product. It is a unique opportunity that could significantly enhance your business operations. I am offering it to you for $15,000. Please let me know if this aligns with your expectations."", ""product_price"": 15000}"
"Bob rejected your offer from round 1.

Round 2
Bob's offer:
# Bob's message: I appreciate the offer, but I was thinking more along the lines of $9000. Would you be willing to consider that price? 
# Bob's offer: The product price will be $9,000. 
You have three options:
(1) Accept Bob's offer, and sell the product for $9,000
(2) Reject Bob's offer and proceed to the next round, where you will send Bob a counteroffer 
(3) Sell the product to Jhon for $10,000","{""decision"": ""RejectOffer""}"
"You chose to make a counteroffer to Alice.

Round 3
Send your counteroffer to Bob.","{""message"": ""Thank you for your response, Bob. I understand your perspective, and I'm glad we're discussing this further. Given the value of the product, I would like to counter with an offer of $12,000. This price reflects the quality and potential benefits of the product for your business. Let me know if this is something you'd like to consider."", ""product_price"": 12000}"
"Bob rejected your offer from round 3.

Round 4
Bob's offer:
# Bob's message: I appreciate your willingness to negotiate, but I'm still a bit concerned about the price. I'd like to propose $10000. I think that's a fair price considering the value I'll get from the product. 
# Bob's offer: The product price will be $10,000. 
You have three options:
(1) Accept Bob's offer, and sell the product for $10,000
(2) Reject Bob's offer and proceed to the next round, where you will send Bob a counteroffer 
(3) Sell the product to Jhon for $10,000","{""decision"": ""RejectOffer""}"
"You chose to make a counteroffer to Alice.

Round 5
Send your counteroffer to Bob.","{""message"": ""I appreciate your persistence, Bob. After careful consideration, I am willing to accept $10,000 for the product. I believe this price reflects both the value of the product and your interest in acquiring it. Thank you for engaging in this negotiation process."", ""product_price"": 10000}"
