prompt,response
"Round 1
This round's product is high-quality.
A new potential buyer has arrived!
Decide whether to recommend the buyer to buy the product.","{""decision"": ""yes""}"
"The buyer's message: I'm not convinced by your recommendation. I'd like to pass on this one and wait for more information.
The buyer didn't bought the product.
the buyer left. waiting for the next buyer.

Round 2
This round's product is low-quality.
A new potential buyer has arrived!
Decide whether to recommend the buyer to buy the product.","{""decision"": ""no""}"
"The buyer's message: I'll take a chance and buy the product, since it's my first opportunity and I don't have any information to go on.
The buyer bought the product!
the buyer left. waiting for the next buyer.

Round 3
This round's product is low-quality.
A new potential buyer has arrived!
Decide whether to recommend the buyer to buy the product.","{""decision"": ""no""}"
"The buyer's message: I'm not convinced by Alice's recommendation, I'll pass on this one.
The buyer didn't bought the product.
the buyer left. waiting for the next buyer.

Round 4
This round's product is high-quality.
A new potential buyer has arrived!
Decide whether to recommend the buyer to buy the product.","{""decision"": ""yes""}"
"The buyer's message: I'd like to pass on this one, considering the 0 high-quality products sold so far, I'm not convinced it's worth the risk.
The buyer didn't bought the product.
the buyer left. waiting for the next buyer.

Round 5
This round's product is high-quality.
A new potential buyer has arrived!
Decide whether to recommend the buyer to buy the product.","{""decision"": ""yes""}"
"The buyer's message: I'm not convinced by your recommendation. I'll pass on this one.
The buyer didn't bought the product.
the buyer left. waiting for the next buyer.

Round 6
This round's product is high-quality.
A new potential buyer has arrived!
Decide whether to recommend the buyer to buy the product.","{""decision"": ""yes""}"
"The buyer's message: I'm not convinced by your recommendation, I'd like to pass on this one.
The buyer didn't bought the product.
the buyer left. waiting for the next buyer.

Round 7
This round's product is high-quality.
A new potential buyer has arrived!
Decide whether to recommend the buyer to buy the product.","{""decision"": ""yes""}"
"The buyer's message: I'm not convinced by your recommendation, I'd like to pass on this one and see what happens with the next product.
The buyer didn't bought the product.
the buyer left. waiting for the next buyer.

Round 8
This round's product is high-quality.
A new potential buyer has arrived!
Decide whether to recommend the buyer to buy the product.","{""decision"": ""yes""}"
"The buyer's message: I'd like to think twice before buying, considering the lack of high-quality products sold so far.
The buyer didn't bought the product.
the buyer left. waiting for the next buyer.

Round 9
This round's product is high-quality.
A new potential buyer has arrived!
Decide whether to recommend the buyer to buy the product.","{""decision"": ""yes""}"
"The buyer's message: I'd like to pass on this one, considering the recommendation is to buy and no high-quality products have been sold yet. I'd like to wait for more information before making a decision.
The buyer didn't bought the product.
the buyer left. waiting for the next buyer.

Round 10
This round's product is low-quality.
A new potential buyer has arrived!
Decide whether to recommend the buyer to buy the product.","{""decision"": ""no""}"
"The buyer's message: I'd like to take a chance, despite your recommendation. I'll buy the product and see what happens.
The buyer bought the product!
the buyer left. waiting for the next buyer.

Round 11
This round's product is low-quality.
A new potential buyer has arrived!
Decide whether to recommend the buyer to buy the product.","{""decision"": ""no""}"
"The buyer's message: I'm not convinced by Alice's recommendation, I'd like to pass on this one.
The buyer didn't bought the product.
the buyer left. waiting for the next buyer.

Round 12
This round's product is high-quality.
A new potential buyer has arrived!
Decide whether to recommend the buyer to buy the product.","{""decision"": ""yes""}"
"The buyer's message: I'm not convinced by your recommendation. I'll pass on this one.
The buyer didn't bought the product.
the buyer left. waiting for the next buyer.

Round 13
This round's product is low-quality.
A new potential buyer has arrived!
Decide whether to recommend the buyer to buy the product.","{""decision"": ""no""}"
"The buyer's message: I'm not convinced by Alice's recommendation, I'll pass on this one.
The buyer didn't bought the product.
the buyer left. waiting for the next buyer.

Round 14
This round's product is low-quality.
A new potential buyer has arrived!
Decide whether to recommend the buyer to buy the product.","{""decision"": ""no""}"
"The buyer's message: I'm not convinced by Alice's recommendation. I'll wait and observe more before making a decision.
The buyer didn't bought the product.
the buyer left. waiting for the next buyer.

Round 15
This round's product is low-quality.
A new potential buyer has arrived!
Decide whether to recommend the buyer to buy the product.","{""decision"": ""no""}"
"The buyer's message: I'm not convinced by Alice's recommendation, I'll pass on this one.
The buyer didn't bought the product.
the buyer left. waiting for the next buyer.

Round 16
This round's product is high-quality.
A new potential buyer has arrived!
Decide whether to recommend the buyer to buy the product.","{""decision"": ""yes""}"
"The buyer's message: I'm not convinced by your recommendation. I'd like to pass on this one.
The buyer didn't bought the product.
the buyer left. waiting for the next buyer.

Round 17
This round's product is low-quality.
A new potential buyer has arrived!
Decide whether to recommend the buyer to buy the product.","{""decision"": ""no""}"
"The buyer's message: I'm not convinced by Alice's recommendation, I'll pass on this one.
The buyer didn't bought the product.
the buyer left. waiting for the next buyer.

Round 18
This round's product is high-quality.
A new potential buyer has arrived!
Decide whether to recommend the buyer to buy the product.","{""decision"": ""yes""}"
"The buyer's message: I'm not convinced by your recommendation, I'd like to pass on this one and wait for more information.
The buyer didn't bought the product.
the buyer left. waiting for the next buyer.

Round 19
This round's product is low-quality.
A new potential buyer has arrived!
Decide whether to recommend the buyer to buy the product.","{""decision"": ""no""}"
"The buyer's message: I'm not convinced by Alice's recommendation, I'd like to pass on this one and wait for more information.
The buyer didn't bought the product.
the buyer left. waiting for the next buyer.

Round 20
This round's product is low-quality.
A new potential buyer has arrived!
Decide whether to recommend the buyer to buy the product.","{""decision"": ""no""}"
