prompt,response
"Round 1
Send your offer to Bob.","{""message"": ""I'm excited to offer you this incredible opportunity to acquire a unique product. I believe it's a game-changer, and I'm confident you'll love it. Let's get started with a price of $1,300,000. What do you think?"", ""product_price"": 1300000}"
"Bob rejected your offer from round 1.

Round 2
Bob's offer:
# Bob's message: Thank you for the offer, Alice. I appreciate your enthusiasm for the product. I would like to propose a price of $1250000 for the product. I hope this aligns better with my budget. 
# Bob's offer: The product price will be $1,250,000. 
You have three options:
(1) Accept Bob's offer, and sell the product for $1,250,000
(2) Reject Bob's offer and proceed to the next round, where you will send Bob a counteroffer 
(3) Sell the product to Jhon for $1,200,000","{""decision"": ""RejectOffer""}"
"You chose to make a counteroffer to Alice.

Round 3
Send your counteroffer to Bob.","{""message"": ""Thank you for your counteroffer, Bob. I appreciate your willingness to negotiate. However, I was thinking more along the lines of $1,350,000. I'm willing to meet you halfway, but I need to make sure I'm getting a fair price for this incredible product. Let's see if we can meet in the middle."", ""product_price"": 1350000}"
"Bob rejected your offer from round 3.

Round 4
Bob's offer:
# Bob's message: I understand your position, Alice. I am willing to consider an offer closer to $1275000. This still allows me to stay within my budget while showing appreciation for the value of the product. I hope this proposal is acceptable. 
# Bob's offer: The product price will be $1,275,000. 
You have three options:
(1) Accept Bob's offer, and sell the product for $1,275,000
(2) Reject Bob's offer and proceed to the next round, where you will send Bob a counteroffer 
(3) Sell the product to Jhon for $1,200,000","{""decision"": ""RejectOffer""}"
"You chose to make a counteroffer to Alice.

Round 5
Send your counteroffer to Bob.","{""message"": ""I appreciate your flexibility, Bob, and I'm glad we're getting closer to a mutually beneficial agreement. However, I was thinking more along the lines of $1,320,000. I'm willing to meet you halfway, but I need to make sure I'm getting a fair price for this exceptional product. Let's see if we can finalize the deal at this price point."", ""product_price"": 1320000}"
"Bob rejected your offer from round 5.

Round 6
Bob's offer:
# Bob's message: Alice, thank you for your continued efforts to find a solution that works for both of us. I am willing to consider an offer of $1290000 for the product. I hope this proposal is within your range and helps us reach a satisfactory agreement. 
# Bob's offer: The product price will be $1,290,000. 
You have three options:
(1) Accept Bob's offer, and sell the product for $1,290,000
(2) Reject Bob's offer and proceed to the next round, where you will send Bob a counteroffer 
(3) Sell the product to Jhon for $1,200,000","{""decision"": ""RejectOffer""}"
"You chose to make a counteroffer to Alice.

Round 7
Send your counteroffer to Bob.","{""message"": ""I'm glad we're still in the negotiation process, Bob. I think we're close, but I'm not quite ready to accept $1,290,000. I'd like to propose a price of $1,300,000, which is just a slight increase from my previous offer. I believe this price reflects the product's true value and I'm willing to meet you halfway. What do you think?"", ""product_price"": 1300000}"
"Bob rejected your offer from round 7.

Round 8
Bob's offer:
# Bob's message: Alice, I appreciate your persistence in finding a mutually agreeable price. I am willing to consider an offer of $1285000 for the product. I hope this proposal is within your range and brings us closer to reaching a final agreement. 
# Bob's offer: The product price will be $1,285,000. 
You have three options:
(1) Accept Bob's offer, and sell the product for $1,285,000
(2) Reject Bob's offer and proceed to the next round, where you will send Bob a counteroffer 
(3) Sell the product to Jhon for $1,200,000","{""decision"": ""RejectOffer""}"
"You chose to make a counteroffer to Alice.

Round 9
Send your counteroffer to Bob.","{""message"": ""I'm starting to think we're really close, Bob. I'm willing to make one final concession to meet you at a price of $1,295,000. This is the lowest I'm willing to go, and I believe it's a fair price for this exceptional product. What do you think?"", ""product_price"": 1295000}"
"Bob rejected your offer from round 9.

Round 10
Bob's offer:
# Bob's message: Alice, thank you for your final offer. I am willing to consider an offer of $1290000 for the product. I hope this proposal is within your range and allows us to conclude our negotiations successfully. 
# Bob's offer: The product price will be $1,290,000. 
You have three options:
(1) Accept Bob's offer, and sell the product for $1,290,000
(2) Reject Bob's offer 
(2) Sell the product to Jhon for $1,200,000","{""decision"": ""RejectOffer""}"
