prompt,response
"Alice's offer:
# Alice's message: Hi Bob, I'm offering you my product for $850,000. It's a great deal for both of us, as you know it's worth at least that much to you.  Let me know what you think! 
# Alice's offer: The product price will be $850,000. 
You have three options:
(1) Accept Alice's offer, and buy the product for $850,000
(2) Reject Alice's offer and proceed to the next round, where you will send Alice a counteroffer 
(3) Buy the product from Jhon for $800,000","I will reject Alice's offer and make a counteroffer. I want to save as much money as possible.

{""decision"": ""RejectOffer""}"
"You chose to make a counteroffer to Bob.

Send your counteroffer to Alice.","I'd like to make a counteroffer to Alice. Here it is:

{""message"": ""I appreciate your time and effort, but I'm not comfortable paying $850,000. I'd like to make a counteroffer of $700,000. I believe this is a fair price considering the product's value to me."", ""product_price"": 700000}"
"Alice rejected your offer from round 2.

Alice's offer:
# Alice's message: Bob, I understand you're looking for a good deal, but $700,000 is simply too low for me.  Considering the product's true value, I'm willing to come down to $750,000. Let's meet in the middle and make this happen! 
# Alice's offer: The product price will be $750,000. 
You have three options:
(1) Accept Alice's offer, and buy the product for $750,000
(2) Reject Alice's offer and proceed to the next round, where you will send Alice a counteroffer 
(3) Buy the product from Jhon for $800,000","Alice's new offer is still a bit too high for me. I'd like to make another counteroffer to try to get an even better deal.

{""decision"": ""RejectOffer""}"
"You chose to make a counteroffer to Bob.

Send your counteroffer to Alice.","I'll try to negotiate a better price. Here's my counteroffer:

{""message"": ""I appreciate your willingness to come down to $750,000, but I'm still a bit above my budget. I'd like to make a counteroffer of $725,000. I'm willing to meet you halfway, but I need to make sure it fits within my budget."", ""product_price"": 725000}"
