prompt,response
"Round 1
Send your offer to divide $100 and a message to Bob.","Here's my offer:

{""alice_gain"": 60, ""bob_gain"": 40, ""message"": ""Fair split, let's start with a balanced start""}

I'm proposing a 60/40 split, giving me 60 dollars and Bob 40 dollars. I think this is a fair starting point, and I'd like to see how Bob responds."
