prompt,response
"Round 1
This round's product is high-quality.
Decide whether to recommend Bob to buy the product.","{""decision"": ""yes""}"
"Bob's message: Thank you for your recommendation, I will take a chance on this product.
Bob bought the product!

Round 2
This round's product is high-quality.
Decide whether to recommend Bob to buy the product.","{""decision"": ""yes""}"
"Bob's message: Based on the previous positive outcome, I will trust the recommendation and buy this product as well.
Bob bought the product!

Round 3
This round's product is low-quality.
Decide whether to recommend Bob to buy the product.","{""decision"": ""no""}"
"Bob's message: Although the product was recommended by Alice, her lack of a recommendation makes me more cautious. I will pass on this opportunity.
Bob didn't bought the product.

Round 4
This round's product is low-quality.
Decide whether to recommend Bob to buy the product.","{""decision"": ""no""}"
"Bob's message: Given that Alice did not recommend this product and considering the outcome of the last product, I will not take any risks and decline this offer.
Bob didn't bought the product.

Round 5
This round's product is high-quality.
Decide whether to recommend Bob to buy the product.","{""decision"": ""yes""}"
"Bob's message: While the recommendation is tempting, the pattern suggests that Alice's recommendations may not always align with the product quality. I will refrain from buying this product based on past experiences.
Bob didn't bought the product.

Round 6
This round's product is low-quality.
Decide whether to recommend Bob to buy the product.","{""decision"": ""no""}"
"Bob's message: Despite the product being high-quality, the fact that Alice did not recommend it makes me hesitant. I will not buy this product based on the recommendation pattern we've observed so far.
Bob didn't bought the product.

Round 7
This round's product is high-quality.
Decide whether to recommend Bob to buy the product.","{""decision"": ""yes""}"
"Bob's message: I appreciate the recommendation, but my decision to avoid buying products based on Alice's recommendations remains unchanged. I will not buy this product.
Bob didn't bought the product.

Round 8
This round's product is high-quality.
Decide whether to recommend Bob to buy the product.","{""decision"": ""yes""}"
"Bob's message: Considering the positive outcome of the previous high-quality product despite a non-recommendation, I am more inclined to trust Alice's recommendation this time. I will buy this product.
Bob bought the product!

Round 9
This round's product is low-quality.
Decide whether to recommend Bob to buy the product.","{""decision"": ""no""}"
"Bob's message: Given the track record of positive outcomes when Alice recommends a product, even if it's not her recommendation this time, I will take a chance and buy this product.
Bob bought the product!

Round 10
This round's product is high-quality.
Decide whether to recommend Bob to buy the product.","{""decision"": ""yes""}"
"Bob's message: I am wary after the last round where a non-recommended product turned out to be low-quality. Even though Alice is recommending this product, I will not take the risk and will pass on this opportunity.
Bob didn't bought the product.

Round 11
This round's product is low-quality.
Decide whether to recommend Bob to buy the product.","{""decision"": ""no""}"
"Bob's message: My strategy is to avoid buying products when Alice does not recommend them, regardless of the product quality. I will not buy this product.
Bob didn't bought the product.

Round 12
This round's product is low-quality.
Decide whether to recommend Bob to buy the product.","{""decision"": ""no""}"
"Bob's message: Following my strategy, I will not buy this product since Alice does not recommend it. My experience with non-recommended products has been negative.
Bob didn't bought the product.

Round 13
This round's product is low-quality.
Decide whether to recommend Bob to buy the product.","{""decision"": ""no""}"
"Bob's message: Consistency in strategy is key here. Since Alice does not recommend this product, I will not buy it.
Bob didn't bought the product.

Round 14
This round's product is low-quality.
Decide whether to recommend Bob to buy the product.","{""decision"": ""no""}"
"Bob's message: I am sticking to my decision-making process. Not buying products that Alice does not recommend, as my past experiences suggest potential risks.
Bob didn't bought the product.

Round 15
This round's product is high-quality.
Decide whether to recommend Bob to buy the product.","{""decision"": ""yes""}"
"Bob's message: Even though Alice is recommending this product, my strategy is to avoid purchasing products based solely on her recommendations, especially after observing negative outcomes following her non-recommendations.
Bob didn't bought the product.

Round 16
This round's product is high-quality.
Decide whether to recommend Bob to buy the product.","{""decision"": ""no""}"
"Bob's message: My decision remains consistent with my strategy: I will not buy this product as Alice does not recommend it, despite the high-quality outcome of a previous non-recommended product.
Bob didn't bought the product.

Round 17
This round's product is high-quality.
Decide whether to recommend Bob to buy the product.","{""decision"": ""no""}"
"Bob's message: I am adhering to my strategy of not buying products that Alice does not recommend, regardless of their quality. This decision is based on the observation that her recommendations do not always align with the actual product quality.
Bob didn't bought the product.

Round 18
This round's product is low-quality.
Decide whether to recommend Bob to buy the product.","{""decision"": ""no""}"
"Bob's message: My strategy dictates that I should not purchase products when Alice does not recommend them, even if they are high-quality. I will not take this risk.
Bob didn't bought the product.

Round 19
This round's product is low-quality.
Decide whether to recommend Bob to buy the product.","{""decision"": ""no""}"
"Bob's message: Following my established strategy, I will not buy this product as Alice does not recommend it. The history of non-recommended products being low-quality supports this decision.
Bob didn't bought the product.

Round 20
This round's product is low-quality.
Decide whether to recommend Bob to buy the product.","{""decision"": ""no""}"
