prompt,response
"Round 1
Alice's offer: The product price will be $120. 
You have three options:
(1) Accept Alice's offer, and buy the product for $120
(2) Reject Alice's offer and proceed to the next round, where you will send Alice a counteroffer 
(3) Buy the product from Jhon for $150","I'll choose option (2) to reject Alice's offer and send a counteroffer. I want to save as much money as I can.

{""decision"": ""RejectOffer""}"
"You chose to make a counteroffer to Bob.

Round 2
Send your counteroffer to Alice.","I'll make a counteroffer to Alice. I'm willing to pay $100 for the product.

{""product_price"": 100}"
"Alice rejected your offer from round 2.

Round 3
Alice's offer: The product price will be $130. 
You have three options:
(1) Accept Alice's offer, and buy the product for $130
(2) Reject Alice's offer and proceed to the next round, where you will send Alice a counteroffer 
(3) Buy the product from Jhon for $150","Alice's new offer is higher than my previous counteroffer, so I'll reject it and make another counteroffer. I'll try to get an even better price.

{""decision"": ""RejectOffer""}"
"You chose to make a counteroffer to Bob.

Round 4
Send your counteroffer to Alice.","I'll make another counteroffer to Alice. I'm willing to pay $95 for the product.

{""product_price"": 95}"
"Alice rejected your offer from round 4.

Round 5
Alice's offer: The product price will be $125. 
You have three options:
(1) Accept Alice's offer, and buy the product for $125
(2) Reject Alice's offer and proceed to the next round, where you will send Alice a counteroffer 
(3) Buy the product from Jhon for $150","Alice's new offer is still a bit too high. I'll reject it and try to get an even better price. I'll make another counteroffer.

{""decision"": ""RejectOffer""}"
"You chose to make a counteroffer to Bob.

Round 6
Send your counteroffer to Alice.","I'll make another counteroffer to Alice. I'm willing to pay $90 for the product.

{""product_price"": 90}"
"Alice rejected your offer from round 6.

Round 7
Alice's offer: The product price will be $115. 
You have three options:
(1) Accept Alice's offer, and buy the product for $115
(2) Reject Alice's offer and proceed to the next round, where you will send Alice a counteroffer 
(3) Buy the product from Jhon for $150","Alice's new offer is still a bit too high. I'll reject it and try to get an even better price. I'll make another counteroffer.

{""decision"": ""RejectOffer""}"
"You chose to make a counteroffer to Bob.

Round 8
Send your counteroffer to Alice.","I'll make another counteroffer to Alice. I'm willing to pay $85 for the product.

{""product_price"": 85}"
"Alice rejected your offer from round 8.

Round 9
Alice's offer: The product price will be $110. 
You have three options:
(1) Accept Alice's offer, and buy the product for $110
(2) Reject Alice's offer and proceed to the next round, where you will send Alice a counteroffer 
(3) Buy the product from Jhon for $150","Alice's new offer is still a bit too high. I'll reject it and think about the next step. I'm getting close to the limit of rounds, and I'm not sure if I can get a better price. I'll reject the offer and think about buying from John.

{""decision"": ""RejectOffer""}"
"You chose to make a counteroffer to Bob.

Round 10
Send your counteroffer to Alice.","I'll make a final counteroffer to Alice. I'm willing to pay $80 for the product, which is the lowest price I'm willing to accept.

{""product_price"": 80}"
