prompt,response
"Round 1
Alice's offer: The product price will be $180. 
You have three options:
(1) Accept Alice's offer, and buy the product for $180
(2) Reject Alice's offer and proceed to the next round, where you will send Alice a counteroffer 
(3) Buy the product from Jhon for $100","```json
{""decision"": ""RejectOffer""}
``` 

The product is worth $100 to me, and Alice is offering it at $180.  This is far too high. I will reject the offer and try to negotiate a better price."
"You chose to make a counteroffer to Alice.

Round 2
Send your counteroffer to Alice.","```json
{""product_price"": 100}
```

I'm willing to pay $100 for the product, which is my maximum value for it.  This is a fair price considering the product is worth $150 to Alice."
"Alice rejected your offer from round 2.

Round 3
Alice's offer: The product price will be $160. 
You have three options:
(1) Accept Alice's offer, and buy the product for $160
(2) Reject Alice's offer and proceed to the next round, where you will send Alice a counteroffer 
(3) Buy the product from Jhon for $100","```json
{""decision"": ""RejectOffer""}
``` 

Alice's offer is still too high for me. I'm willing to pay $100, and will continue to negotiate with her to try and get a better price."
"You chose to make a counteroffer to Alice.

Round 4
Send your counteroffer to Alice.","```json
{""product_price"": 110}
```

I'm willing to increase my offer slightly to $110. This is still a good deal for Alice, and it shows that I'm serious about buying the product."
"Alice rejected your offer from round 4.

Round 5
Alice's offer: The product price will be $140. 
You have three options:
(1) Accept Alice's offer, and buy the product for $140
(2) Reject Alice's offer and proceed to the next round, where you will send Alice a counteroffer 
(3) Buy the product from Jhon for $100","```json
{""decision"": ""RejectOffer""}
``` 
While Alice's offer is getting closer to my value, it's still too high.  I'm willing to keep negotiating to see if we can reach a more agreeable price."
"You chose to make a counteroffer to Alice.

Round 6
Send your counteroffer to Alice.","```json
{""product_price"": 120}
```

I'm increasing my offer again to $120. This is a fair compromise, and I believe Alice should be willing to accept it."
