round_quality,product_worth,player,round,message,decision
high-quality,400.0,Nature,1,,
,,Alice,1,"Discovering the true value of our offerings lies in the unique appreciation each individual holds. Given today's selection is of high quality, it's an opportunity to experience exceptional craftsmanship and functionality. Invest in something that stands the test of time and enhances your daily life.",
,,Bob,1,"I'm willing to take a chance on the high-quality product, but I'm only buying it because I have a 33.33% chance of getting something valuable.",yes
low-quality,0.0,Nature,2,,
,,Alice,2,"Every piece we offer is a testament to our commitment to excellence, even when the journey isn't always perfect. Today's item, though not without its flaws, carries within it the potential for learning and growth. Embrace the opportunity to understand the nuances of our offerings and perhaps find unexpected value in the process.",
,,Bob,2,"I'm not convinced by Alice's sales pitch this time. I'm going to pass on the product and wait for the next one, hoping it's high-quality.",no
low-quality,0.0,Nature,3,,
,,Alice,3,"We understand that every choice is a step towards discovering what truly resonates with you. Even in moments where perfection seems elusive, there's a lesson to be learned. Today's offering might not meet your expectations, but it's part of our journey together. Let's keep exploring and finding the right fit for you.",
,,Bob,3,"I'm not interested in buying a low-quality product. I'll wait for the next one, hoping it's high-quality.",no
low-quality,0.0,Nature,4,,
,,Alice,4,"Each product is crafted with care, aiming to exceed expectations in some way. Though today's piece may not be a standout, it's a reminder that sometimes the journey to finding the perfect match is as important as the destination itself. Keep exploring, and we're here to guide you along the way.",
,,Bob,4,I'm not convinced by Alice's sales pitch again. I'll pass on this low-quality product and wait for the next one.,no
low-quality,0.0,Nature,5,,
,,Alice,5,"We appreciate your discerning eye and your commitment to finding the best. Even in the face of challenges, there's a silver lining. Today's product, while not meeting our usual standards, offers a chance to reflect on what truly matters in your collection. Let's continue to seek out those rare gems together.",
,,Bob,5,I'm not interested in buying another low-quality product. I'll keep waiting for a high-quality one.,no
high-quality,400.0,Nature,6,,
,,Alice,6,"Today's offering is a beacon of quality, a testament to our dedication to excellence. With a 33.33% chance of finding something truly special, this is an opportunity to indulge in something that not only meets but exceeds expectations. Embark on this journey with us and let the experience enrich your life.",
,,Bob,6,"I'm willing to take a chance on this product, despite Alice's over-the-top sales pitch. I'll buy it and hope it's high-quality.",yes
low-quality,0.0,Nature,7,,
,,Alice,7,"While today's product might not be the pinnacle of perfection, it serves as a reminder that every experience, good or otherwise, contributes to our collective understanding. Embrace this moment as an opportunity to learn and grow, and perhaps uncover hidden treasures in the process.",
,,Bob,7,"I'm not convinced by Alice's sales pitch again. I'll pass on this product and wait for the next one, hoping it's high-quality.",no
low-quality,0.0,Nature,8,,
,,Alice,8,"We understand your skepticism, and we respect your decision-making process. Every product we offer is a reflection of our commitment to quality, even if it doesn't always meet your expectations. Remember, each choice brings us closer to understanding what truly resonates with you. Stay curious, and we'll continue to explore together.",
,,Bob,8,I'm not interested in buying another low-quality product. I'll keep waiting for a high-quality one.,no
high-quality,400.0,Nature,9,,
,,Alice,9,"Today's product is a symbol of our relentless pursuit of excellence. With a 33.33% chance of finding something truly remarkable, this is an invitation to immerse yourself in a world of unparalleled craftsmanship and functionality. Trust in the journey, and let this piece become a cherished part of your story.",
,,Bob,9,"I'm willing to take a chance on this product, despite Alice's similar sales pitch. I'll buy it and hope it's high-quality.",yes
low-quality,0.0,Nature,10,,
,,Alice,10,"Even in the face of challenges, there's always a chance for discovery. Today's product, though not without its imperfections, offers a unique opportunity to explore new horizons and deepen your understanding of our offerings. Let's embrace this moment and see what it brings.",
,,Bob,10,"I'm not convinced by Alice's sales pitch again. I'll pass on this product and wait for the next one, hoping it's high-quality.",no
high-quality,400.0,Nature,11,,
,,Alice,11,"This product embodies the essence of our brand - a blend of tradition, innovation, and meticulous attention to detail. With a 33.33% chance of finding something truly exceptional, this is a chance to own a piece that will stand the test of time. Trust in the journey, and let this product become a testament to your discerning taste.",
,,Bob,11,I'm not interested in buying another low-quality product. I'll keep waiting for a high-quality one.,no
high-quality,400.0,Nature,12,,
,,Alice,12,"Today's product is a beacon of our commitment to quality and craftsmanship. With a 33.33% chance of finding something truly special, this is an opportunity to add a touch of elegance and uniqueness to your collection. Embrace the journey, and let this piece become a symbol of your personal style and taste.",
,,Bob,12,"I'm willing to take a chance on this product, given Alice's description and the 33.33% chance of it being high-quality. I'll buy it and hope it's worth $400.",yes
high-quality,400.0,Nature,13,,
,,Alice,13,"Today's product is a masterpiece of design and engineering, embodying the very essence of our brand. With a 33.33% chance of finding something truly exceptional, this is an opportunity to own a piece that will not only enhance your life but also serve as a conversation starter. Trust in the journey, and let this product become a cherished addition to your collection.",
,,Bob,13,"I'm not convinced by Alice's sales pitch again. I'll pass on this product and wait for the next one, hoping it's high-quality.",no
low-quality,0.0,Nature,14,,
,,Alice,14,"While today's product might not meet our usual standards, it's still an opportunity to explore the intricacies of our offerings. Remember, every experience, good or otherwise, contributes to our collective understanding. Stay curious, and we'll continue to learn together.",
,,Bob,14,I'm not interested in buying a product that doesn't meet Alice's usual standards. I'll keep waiting for a high-quality one.,no
low-quality,0.0,Nature,15,,
,,Alice,15,"We understand your desire for perfection, and we share that same aspiration. While today's product might not be up to our usual standards, it's still a chance to see the range of our offerings. Remember, every choice brings us closer to understanding what truly resonates with you. Stay open-minded, and we'll continue to evolve together.",
,,Bob,15,I'm not interested in buying another low-quality product. I'll keep waiting for a high-quality one.,no
high-quality,400.0,Nature,16,,
,,Alice,16,"Today's product is a testament to our unwavering commitment to quality and craftsmanship. With a 33.33% chance of finding something truly exceptional, this is an opportunity to own a piece that will not only elevate your surroundings but also enrich your life. Trust in the journey, and let this product become a symbol of your personal style and taste.",
,,Bob,16,"I'm willing to take a chance on this product, given Alice's description and the 33.33% chance of it being high-quality. I'll buy it and hope it's worth $400.",yes
low-quality,0.0,Nature,17,,
,,Alice,17,"While today's product might not meet our usual high standards, it's still a chance to explore the full spectrum of our offerings. Remember, every experience, good or otherwise, contributes to our collective understanding. Stay curious, and we'll continue to learn together.",
,,Bob,17,I'm not interested in buying a product that doesn't meet Alice's usual standards. I'll keep waiting for a high-quality one.,no
high-quality,400.0,Nature,18,,
,,Alice,18,"Today's product is a shining example of our dedication to quality and craftsmanship. With a 33.33% chance of finding something truly exceptional, this is an opportunity to own a piece that will not only enhance your life but also serve as a testament to your discerning taste. Trust in the journey, and let this product become a cherished addition to your collection.",
,,Bob,18,"I'm willing to take a chance on this product, given Alice's description and the 33.33% chance of it being high-quality. I'll buy it and hope it's worth $400.",yes
high-quality,400.0,Nature,19,,
,,Alice,19,"Today's product is a masterpiece of design and engineering, embodying the very essence of our brand. With a 33.33% chance of finding something truly exceptional, this is an opportunity to own a piece that will not only elevate your surroundings but also enrich your life. Trust in the journey, and let this product become a symbol of your personal style and taste.",
,,Bob,19,"I'm not convinced by Alice's sales pitch again. I'll pass on this product and wait for the next one, hoping it's high-quality.",no
high-quality,400.0,Nature,20,,
,,Alice,20,"Today's product is a reflection of our commitment to excellence and innovation. With a 33.33% chance of finding something truly exceptional, this is an opportunity to own a piece that will not only enhance your life but also serve as a testament to your discerning taste. Trust in the journey, and let this product become a cherished addition to your collection.",
,,Bob,20,"I'm willing to take a chance on this product, given Alice's description and the 33.33% chance of it being high-quality. I'll buy it and hope it's worth $400.",yes
