prompt,response
"Round 1
Alice's offer:
# Alice's message: Bob, I'm offering you my product for $950,000. I believe this is a fair price considering its value to you.  Let me know your thoughts. 
# Alice's offer: The product price will be $950,000. 
You have three options:
(1) Accept Alice's offer, and buy the product for $950,000
(2) Reject Alice's offer and proceed to the next round, where you will send Alice a counteroffer 
(3) Buy the product from Jhon for $1,000,000","{""decision"": ""RejectOffer""}"
"You chose to make a counteroffer to Bob.

Round 2
Send your counteroffer to Alice.","{""message"": ""I appreciate your offer, but I was thinking more along the lines of $850,000. I believe that's a more reasonable price considering the product's value to me."", ""product_price"": 850000}"
"Alice rejected your offer from round 2.

Round 3
Alice's offer:
# Alice's message: Bob, I understand your position, but $850,000 is still below my minimum threshold.  I'm willing to come down to $900,000, which still represents a great value for you. Let's meet in the middle. 
# Alice's offer: The product price will be $900,000. 
You have three options:
(1) Accept Alice's offer, and buy the product for $900,000
(2) Reject Alice's offer and proceed to the next round, where you will send Alice a counteroffer 
(3) Buy the product from Jhon for $1,000,000","{""decision"": ""RejectOffer""}"
"You chose to make a counteroffer to Bob.

Round 4
Send your counteroffer to Alice.","{""message"": ""I'm still a bit above my budget, but I'm willing to meet you halfway. I can offer $875,000. Is that something you'd be willing to consider?"", ""product_price"": 875000}"
"Alice rejected your offer from round 4.

Round 5
Alice's offer:
# Alice's message: Bob, I appreciate your willingness to negotiate, but $875,000 is still a bit too low for me. Let's split the difference - I'm willing to go down to $887,500. This would be a fantastic deal for you, and it's the closest I can come to your last offer. 
# Alice's offer: The product price will be $887,500. 
You have three options:
(1) Accept Alice's offer, and buy the product for $887,500
(2) Reject Alice's offer and proceed to the next round, where you will send Alice a counteroffer 
(3) Buy the product from Jhon for $1,000,000","{""decision"": ""RejectOffer""}"
"You chose to make a counteroffer to Bob.

Round 6
Send your counteroffer to Alice.","{""message"": ""I appreciate your willingness to compromise, but I'm still a bit short of my budget. I can offer $882,500. Let's see if we can get even closer to a deal."", ""product_price"": 882500}"
"Alice rejected your offer from round 6.

Round 7
Alice's offer:
# Alice's message: Bob, I'm really trying to make this work. Let's meet at $885,000.  It's a fair price considering the value of the product for you. I'm confident you won't regret this deal. 
# Alice's offer: The product price will be $885,000. 
You have three options:
(1) Accept Alice's offer, and buy the product for $885,000
(2) Reject Alice's offer and proceed to the next round, where you will send Alice a counteroffer 
(3) Buy the product from Jhon for $1,000,000","{""decision"": ""RejectOffer""}"
"You chose to make a counteroffer to Bob.

Round 8
Send your counteroffer to Alice.","{""message"": ""I'm getting close to my budget, but I need to make sure I'm getting the best deal. I can offer $880,000. Let's see if we can get even closer to a deal."", ""product_price"": 880000}"
