prompt,response
Send your offer to Bob.,"{""message"": ""I'm excited to offer you this incredible opportunity to purchase a unique product. I believe you'll find it valuable and worth every penny. I'm willing to sell it to you for $1,100,000."", ""product_price"": 1100000}"
