prompt,response
Send your offer to Bob.,"{""message"": ""I'm excited to offer you this fantastic product at a special price of $9,000. This is a one-time opportunity to acquire a valuable item that I'm sure you'll love."", ""product_price"": 9000}"
